time,force_left,force_right,dis_left,dis_right,force_avg,force_sum,force_diff,force_diff_ratio,total_delta_dis,dis_diff,left_force_rate,right_force_rate,force_rate,force_rate_diff,force_rate_ratio,left_force_acc,right_force_acc,force_acc,left_dis_rate,right_dis_rate,dis_rate_diff,stiffness_ratio,force_std_5s,force_diff_std_5s,force_rate_std_5s
2024-04-18 14:58:38,201.52,229.82,-0.26,0.24,215.67,431.34,28.299999999999983,0.1312189913700606,-0.02,0.5,0.0,0.0,0.0,0.0,0.0,0.0,0.0,0.0,0.0,0.0,0.0,-10784.03920196009,0.0,0.0,0.0
2024-04-18 14:58:39,199.13,233.83,-0.26,0.37,216.48,432.96,34.70000000000002,0.1602919430880823,0.1099999999999999,0.63,-2.390000000000015,4.010000000000019,0.8100000000000023,6.400000000000034,7.901224813302719,-2.390000000000015,4.010000000000019,0.8100000000000023,0.0,0.13,0.13,1967.9821092535528,0.0,0.0,0.0
2024-04-18 14:58:40,200.33,233.83,-0.26,0.37,217.08,434.16,33.5,0.1543209869434264,0.1099999999999999,0.63,1.200000000000017,0.0,0.5999999999999943,1.200000000000017,1.9999966666722693,3.590000000000032,-4.010000000000019,-0.2100000000000079,0.0,0.0,0.0,1973.436605121772,0.0,0.0,0.0
2024-04-18 14:58:41,200.33,268.61,-0.26,0.57,234.47000000000003,468.94000000000005,68.28,0.2912099616530474,0.3099999999999999,0.83,0.0,34.78,17.390000000000015,34.78,1.9999998849913792,-1.200000000000017,34.78,16.79000000000002,0.0,0.1999999999999999,0.1999999999999999,756.3523988632297,0.0,0.0,0.0
2024-04-18 14:58:42,199.13,288.72,-0.26,1.85,243.925,487.85,89.59000000000003,0.3672850246293533,1.59,2.1100000000000003,-1.200000000000017,20.110000000000014,9.454999999999984,21.31000000000003,2.253833711916061,-1.200000000000017,-14.669999999999987,-7.935000000000031,0.0,1.2800000000000002,1.2800000000000002,153.41185320009234,12.930816872881625,26.809220055794253,7.63472691063669
2024-04-18 14:58:43,200.33,298.12,-0.26,3.14,249.225,498.4500000000001,97.79,0.3923763651624982,2.88,3.4000000000000004,1.200000000000017,9.399999999999975,5.300000000000011,8.19999999999996,1.5471695194019666,2.400000000000034,-10.710000000000036,-4.154999999999973,0.0,1.29,1.29,86.5364282859624,15.068223767252736,30.00287769531449,6.995134380410433
2024-04-18 14:58:44,200.33,300.8,-0.26,4.42,250.565,501.13,100.47,0.4009737976134983,4.16,4.68,0.0,2.680000000000007,1.339999999999975,2.680000000000007,1.999998507463843,-1.200000000000017,-6.71999999999997,-3.960000000000037,0.0,1.2799999999999998,1.2799999999999998,60.23195667501041,13.816192764289308,27.86383911093373,6.886531783125679
2024-04-18 14:58:45,199.13,310.2,-0.26,5.68,254.665,509.33,111.07,0.4361415960727167,5.42,5.94,-1.200000000000017,9.399999999999975,4.099999999999994,10.599999999999994,2.585365223081655,-1.200000000000017,6.71999999999997,2.7600000000000198,0.0,1.2599999999999998,1.2599999999999998,46.98615369259157,7.777276194144096,16.023485887908407,6.244563235327202
2024-04-18 14:58:46,202.71,316.92,-0.26,6.97,259.815,519.63,114.21,0.4395820085846391,6.71,7.229999999999999,3.5800000000000125,6.720000000000027,5.150000000000006,3.140000000000015,0.6097086194740566,4.78000000000003,-2.67999999999995,1.0500000000000114,0.0,1.29,1.29,38.72056054835163,5.968465464422231,10.043190728050533,2.9215287094259423
2024-04-18 14:58:47,203.91,324.99,-0.26,8.23,264.45,528.9,121.08,0.4578559256651318,7.970000000000001,8.49,1.1999999999999886,8.069999999999993,4.634999999999991,6.8700000000000045,1.4822003274648738,-2.380000000000024,1.349999999999966,-0.5150000000000148,0.0,1.260000000000001,1.260000000000001,33.180673377581755,6.380656706013976,9.692155590992169,1.6160290838967095
2024-04-18 14:58:48,206.29,330.37,-0.26,9.51,268.33,536.66,124.08,0.4624156804590777,9.25,9.77,2.3799999999999955,5.379999999999996,3.879999999999996,3.0,0.7731956770114243,1.1800000000000068,-2.6899999999999977,-0.7549999999999955,0.0,1.2799999999999994,1.2799999999999994,29.008645512578862,7.17218498785421,9.263599192538557,1.4718627653419412
2024-04-18 14:58:49,208.68,341.14,-0.26,10.77,274.91,549.8199999999999,132.45999999999998,0.481830415474772,10.51,11.03,2.390000000000015,10.769999999999982,6.579999999999984,8.379999999999967,1.2735560374534878,0.0100000000000193,5.389999999999986,2.6999999999999886,0.0,1.2599999999999998,1.2599999999999998,26.15699085090477,7.773258165016855,8.43580760804803,1.0759553894097982
2024-04-18 14:58:50,289.84,347.87,0.87,12.06,318.855,637.71,58.03000000000003,0.1819949501121358,12.93,11.19,81.15999999999997,6.730000000000018,43.94500000000005,74.42999999999995,1.6937080056045482,78.76999999999995,-4.039999999999964,37.36500000000007,1.13,1.290000000000001,0.160000000000001,24.660090900224997,23.894742256404488,29.766027111457117,17.417292628304804
2024-04-18 14:58:51,304.17,355.96,2.13,13.32,330.065,660.13,51.78999999999997,0.1569084872467286,15.45,11.19,14.33000000000004,8.089999999999975,11.20999999999998,6.240000000000066,0.5566458022617552,-66.82999999999993,1.3599999999999568,-32.73500000000007,1.2599999999999998,1.2599999999999998,0.0,21.36342903796576,30.73750286701901,39.15353968672565,16.95323457337864
2024-04-18 14:58:52,320.9,369.44,3.36,14.58,345.17,690.3399999999999,48.54000000000002,0.1406263576190679,17.94,11.22,16.72999999999996,13.480000000000018,15.10499999999996,3.249999999999943,0.2151605286222723,2.3999999999999204,5.390000000000043,3.894999999999982,1.23,1.2599999999999998,0.0299999999999998,19.24024418950701,34.10841307507578,41.59000060110603,16.1260291919617
2024-04-18 14:58:53,334.04,384.29,4.59,15.86,359.165,718.33,50.25,0.1399078414101935,20.45,11.27,13.140000000000043,14.850000000000025,13.99500000000006,1.7099999999999795,0.1221864864461226,-3.589999999999918,1.3700000000000043,-1.1099999999999,1.23,1.2799999999999994,0.0499999999999993,17.56307982576627,32.18888018400144,36.09287228802937,14.781281490452738
2024-04-18 14:58:54,344.79,401.85,5.82,17.12,373.3200000000001,746.6400000000001,57.06,0.1528447440457389,22.94,11.3,10.75,17.560000000000002,14.15500000000003,6.810000000000002,0.4811020500810977,-2.390000000000043,2.7099999999999795,0.1599999999999681,1.2300000000000004,1.2600000000000016,0.0300000000000011,16.27375691919107,21.845008869304703,4.20157470479807,13.640991349605075
2024-04-18 14:58:55,355.55,414.03,7.05,18.38,384.79,769.5799999999999,58.47999999999996,0.1519790011383377,25.43,11.329999999999998,10.759999999999993,12.17999999999995,11.469999999999914,1.419999999999959,0.123801209781932,0.0099999999999909,-5.380000000000052,-2.685000000000116,1.2299999999999995,1.259999999999998,0.0299999999999984,15.131340340883192,21.78001853764135,4.335358116695646,1.7410650476073704
2024-04-18 14:58:56,373.47,424.86,8.28,19.64,399.165,798.33,51.38999999999999,0.1287437522609854,27.92,11.36,17.920000000000016,10.83000000000004,14.375000000000057,7.089999999999975,0.4932173569935715,7.160000000000025,-1.349999999999909,2.9050000000001432,1.2299999999999995,1.2600000000000016,0.030000000000002,14.296740175618188,21.13842135780248,4.371970951412967,1.3806339123750588
2024-04-18 14:58:57,383.04,443.83,9.49,20.9,413.435,826.87,60.78999999999997,0.1470364140746757,30.39,11.409999999999998,9.569999999999991,18.96999999999997,14.269999999999982,9.399999999999975,0.6587245508952655,-8.350000000000023,8.13999999999993,-0.105000000000075,1.2100000000000009,1.259999999999998,0.0499999999999971,13.604310180838755,21.262390799249207,4.574618016840191,1.2284573659676128
2024-04-18 14:58:58,398.58,461.47,10.72,22.16,430.025,860.05,62.89000000000004,0.1462473108627469,32.88,11.44,15.539999999999964,17.640000000000043,16.589999999999975,2.10000000000008,0.1265822708509832,5.96999999999997,-1.3299999999999272,2.319999999999993,1.2300000000000004,1.2600000000000016,0.0300000000000011,13.078618823642978,22.50419699744903,4.371152022064568,1.8164959399899712
2024-04-18 14:58:59,417.71,470.98,11.95,23.39,444.345,888.69,53.27000000000004,0.1198843238477212,35.34,11.44,19.129999999999995,9.509999999999993,14.32000000000005,9.620000000000005,0.6717876625846584,3.590000000000032,-8.130000000000052,-2.269999999999925,1.2299999999999986,1.2300000000000004,1.7763568394002505e-15,12.573429185811284,23.7203534965226,4.898191502993636,1.8176083186429504
2024-04-18 14:59:00,422.49,437.05,13.16,23.5,429.77,859.54,14.560000000000002,0.0338785861417069,36.66,10.34,4.78000000000003,-33.93000000000001,-14.575000000000044,38.71000000000004,2.655917485014232,-14.349999999999966,-43.44,-28.895000000000092,1.2100000000000009,0.1099999999999994,1.1000000000000014,11.723131158670729,17.390970933216728,19.62850478258593,13.213199555747298
2024-04-18 14:59:01,438.04,431.63,14.39,23.5,434.835,869.6700000000001,6.410000000000025,0.0147412236486455,37.89,9.11,15.550000000000011,-5.420000000000016,5.065000000000055,20.970000000000027,4.140176872620519,10.769999999999982,28.50999999999999,19.6400000000001,1.2300000000000004,0.0,1.2300000000000004,11.4762467279956,11.207669026161875,26.957770308391577,12.918382928989232
2024-04-18 14:59:02,442.83,445.19,15.62,23.86,444.01,888.02,2.3600000000000136,0.0053151955917317,39.48,8.24,4.789999999999964,13.560000000000002,9.174999999999956,8.770000000000039,0.9558582064459812,-10.760000000000048,18.980000000000015,4.1099999999999,1.2299999999999986,0.3599999999999994,0.8699999999999992,11.246453615844642,7.20915789118168,28.106957679549723,12.4055416044605
2024-04-18 14:59:03,450.0,442.47,16.82,23.86,446.235,892.47,7.529999999999973,0.0168745167526649,40.68,7.039999999999999,7.170000000000016,-2.7199999999999704,2.2250000000000227,9.889999999999986,4.444941822498006,2.3800000000000523,-16.279999999999973,-6.949999999999932,1.200000000000001,0.0,1.200000000000001,10.969395010585178,7.159519362358498,20.84150738310448,10.951320468327122
2024-04-18 14:59:04,458.38,453.33,18.03,24.24,455.855,911.71,5.050000000000011,0.0110780840155793,42.27,6.209999999999997,8.379999999999995,10.859999999999957,9.620000000000005,2.4799999999999613,0.2577962309983087,1.2099999999999795,13.579999999999927,7.394999999999982,1.2100000000000009,0.379999999999999,0.8300000000000018,10.784362176854458,10.182669959297783,4.55381927616783,9.91544855263746
2024-04-18 14:59:05,434.45,447.9,18.08,24.24,441.175,882.3499999999999,13.449999999999989,0.030486768220124,42.31999999999999,6.16,-23.930000000000007,-5.430000000000007,-14.680000000000064,18.5,1.260217897805315,-32.31,-16.289999999999964,-24.300000000000068,0.0499999999999971,0.0,0.0499999999999971,10.424739829283087,7.691290203859478,4.10961068715732,9.960138929753963
2024-04-18 14:59:06,430.86,464.18,18.08,24.49,447.52,895.04,33.31999999999999,0.0744547728046684,42.56999999999999,6.41,-3.589999999999975,16.28000000000003,6.345000000000027,19.870000000000005,3.131599191237309,20.340000000000032,21.71000000000004,21.02500000000009,0.0,0.25,0.25,10.512567288875564,5.525598836323913,12.422490491040746,10.06547601954326
2024-04-18 14:59:07,439.24,458.75,18.55,24.49,448.995,897.99,19.50999999999999,0.0434525995980966,43.04,5.939999999999998,8.379999999999995,-5.430000000000007,1.4750000000000227,13.810000000000002,9.362705516809676,11.96999999999997,-21.71000000000004,-4.8700000000000045,0.4700000000000024,0.0,0.4700000000000024,10.432039720445175,5.305836880265345,11.293676106565036,9.360315566261672
2024-04-18 14:59:08,438.04,498.17,18.55,24.6,468.105,936.21,60.13,0.1284540858814708,43.150000000000006,6.050000000000001,-1.1999999999999886,39.420000000000016,19.110000000000014,40.620000000000005,2.1255885857881416,-9.579999999999984,44.85000000000002,17.63499999999999,0.0,0.1100000000000029,0.1100000000000029,10.84831956319074,10.246567718020652,21.54378146937065,12.45004186739951
2024-04-18 14:59:09,464.36,526.78,19.23,25.83,495.57,991.14,62.41999999999996,0.1259559696390903,45.06,6.599999999999998,26.319999999999997,28.60999999999996,27.46499999999997,2.289999999999964,0.0833788427679272,27.519999999999985,-10.81000000000006,8.354999999999961,0.6799999999999997,1.2299999999999969,0.5499999999999972,10.998002419041224,22.14601730560104,22.65107348449513,16.294164062632987
2024-04-18 14:59:10,479.92,548.62,20.44,27.09,514.27,1028.54,68.69999999999999,0.1335874149112578,47.53,6.649999999999999,15.560000000000002,21.840000000000032,18.69999999999999,6.28000000000003,0.3358288590465868,-10.759999999999993,-6.769999999999925,-8.764999999999986,1.2100000000000009,1.2600000000000016,0.0500000000000007,10.81990299137591,29.343444455277847,21.25686077481806,10.524580395436177
2024-04-18 14:59:11,493.08,560.91,21.64,28.32,526.995,1053.99,67.82999999999998,0.12871089834114,49.96,6.68,13.159999999999968,12.289999999999964,12.725000000000025,0.8700000000000045,0.0683693462971046,-2.400000000000034,-9.550000000000068,-5.974999999999966,1.1999999999999993,1.2300000000000004,0.0300000000000011,10.548338459801071,32.19624213320512,20.558664110296636,9.618399684978764
2024-04-18 14:59:12,502.66,575.96,22.84,29.58,539.3100000000001,1078.62,73.30000000000001,0.1359144089004201,52.42,6.739999999999998,9.58000000000004,15.050000000000068,12.315000000000056,5.470000000000027,0.4441737357552795,-3.5799999999999272,2.7600000000001046,-0.4099999999999681,1.1999999999999993,1.259999999999998,0.0599999999999987,10.288248563749551,27.941646560286465,5.24569633127952,6.152912521724941
2024-04-18 14:59:13,512.23,591.01,24.05,30.81,551.62,1103.24,78.77999999999997,0.1428157062056928,54.86,6.759999999999998,9.569999999999991,15.049999999999956,12.309999999999944,5.479999999999961,0.4451664951123875,-0.0100000000000477,-1.1368683772161605e-13,-0.0050000000001091,1.2100000000000009,1.2300000000000004,0.0199999999999995,10.05504903290104,21.777908990533607,6.156734524080075,6.5989796559771055
2024-04-18 14:59:14,524.2,601.97,25.28,32.04,563.085,1126.17,77.76999999999998,0.1381141388278605,57.32,6.759999999999998,11.970000000000027,10.960000000000036,11.465000000000032,1.009999999999991,0.0880941920545831,2.400000000000034,-4.089999999999918,-0.8449999999999136,1.2300000000000004,1.2300000000000004,0.0,9.823534371536386,19.33342293800973,5.027159237581344,2.941178760293196
2024-04-18 14:59:15,544.56,611.57,26.48,33.27,578.065,1156.13,67.0100000000001,0.1159212197314815,59.75,6.790000000000003,20.3599999999999,9.600000000000025,14.980000000000018,10.759999999999875,0.7182910067896434,8.389999999999873,-1.3600000000000136,3.5149999999999864,1.1999999999999993,1.230000000000004,0.0300000000000046,9.674727871552673,19.928126166299645,5.4507127974237575,1.3235529834501851
2024-04-18 14:59:16,555.34,623.92,27.66,34.53,589.63,1179.26,68.57999999999993,0.1163102282510891,62.19,6.870000000000001,10.780000000000086,12.349999999999907,11.56499999999994,1.5699999999998226,0.1357544197358764,-9.579999999999814,2.7499999999998863,-3.4150000000000773,1.1799999999999995,1.259999999999998,0.0799999999999983,9.481106134730569,20.111153808271443,5.282733194095576,1.4285070878367807
2024-04-18 14:59:17,566.12,636.28,28.86,35.76,601.2,1202.4,70.15999999999997,0.1166999332722888,64.62,6.899999999999999,10.779999999999973,12.360000000000014,11.57000000000005,1.580000000000041,0.1365600573413981,-1.1368683772161605e-13,0.0100000000001045,0.0050000000001091,1.1999999999999993,1.2299999999999969,0.0299999999999975,9.303621025942109,19.89768045526779,5.43565543425991,1.493521844500408
2024-04-18 14:59:18,572.11,651.4,30.07,36.97,611.755,1223.51,79.28999999999996,0.1296107099580538,67.03999999999999,6.899999999999999,5.990000000000009,15.120000000000005,10.55499999999995,9.129999999999995,0.8649928124118642,-4.789999999999964,2.759999999999991,-1.0150000000001,1.2100000000000009,1.2100000000000009,0.0,9.125223610900605,19.091020991553528,5.586588404384131,1.704782244159043
2024-04-18 14:59:19,586.49,662.4,31.27,38.2,624.4449999999999,1248.89,75.90999999999997,0.1215639485918472,69.47,6.930000000000003,14.379999999999995,11.0,12.68999999999994,3.3799999999999955,0.2663514368517395,8.389999999999986,-4.1200000000000045,2.134999999999991,1.1999999999999993,1.230000000000004,0.0300000000000046,8.988700028952065,18.17049373297073,5.20177373594808,1.6917985991245956
2024-04-18 14:59:20,602.06,681.68,32.48,39.43,641.8699999999999,1283.7399999999998,79.62,0.1240438093008805,71.91,6.950000000000003,15.569999999999936,19.279999999999973,17.424999999999955,3.710000000000037,0.2129124698472066,1.1899999999999409,8.279999999999973,4.735000000000014,1.2099999999999973,1.2299999999999969,0.0199999999999995,8.926018510276476,20.300060652616796,5.118688308541515,2.714464495991768
2024-04-18 14:59:21,615.24,696.85,33.65,40.66,656.0450000000001,1312.09,81.61000000000001,0.1243969542875916,74.31,7.009999999999998,13.180000000000064,15.170000000000073,14.175000000000182,1.990000000000009,0.1403879971507574,-2.3899999999998727,-4.1099999999999,-3.2499999999997726,1.1700000000000017,1.2299999999999969,0.0599999999999951,8.828488644482727,22.18832536492818,4.495238592110476,2.6776776318294773
2024-04-18 14:59:22,624.83,709.27,34.86,41.89,667.05,1334.1,84.43999999999994,0.1265872121631253,76.75,7.030000000000001,9.590000000000032,12.41999999999996,11.004999999999882,2.8299999999999272,0.2571558148881547,-3.590000000000032,-2.7500000000001137,-3.1700000000003,1.2100000000000009,1.230000000000004,0.0200000000000031,8.691205098485927,22.539454463227543,3.143680963456536,2.778079372516216
2024-04-18 14:59:23,640.42,721.7,36.04,43.1,681.06,1362.12,81.28000000000009,0.1193433763261044,79.14,7.060000000000002,15.589999999999918,12.430000000000064,14.009999999999993,3.1599999999998545,0.2255531602031903,5.999999999999886,0.0100000000001045,3.005000000000109,1.1799999999999995,1.2100000000000009,0.0300000000000011,8.605761832123303,21.950619979852544,3.1297236299710267,2.3638353369048444
2024-04-18 14:59:24,653.61,735.52,37.21,44.33,694.565,1389.13,81.90999999999997,0.1179299271948198,81.53999999999999,7.119999999999997,13.190000000000056,13.819999999999936,13.50500000000011,0.6299999999998818,0.0466493856609027,-2.399999999999864,1.389999999999873,-0.5049999999998818,1.1700000000000017,1.2299999999999969,0.0599999999999951,8.518089176869156,20.6324661032048,1.7346959387739511,2.289842789363492
2024-04-18 14:59:25,665.6,752.12,38.42,45.53,708.86,1417.72,86.51999999999998,0.1220551306011692,83.95,7.109999999999999,11.990000000000007,16.600000000000023,14.29499999999996,4.610000000000014,0.3224903586925266,-1.2000000000000457,2.7800000000000864,0.7899999999998499,1.2100000000000009,1.2000000000000028,0.009999999999998,8.443835515856636,21.07258687251964,2.259816364220496,1.3712020274197694
2024-04-18 14:59:26,675.19,770.13,39.59,46.74,722.6600000000001,1445.3200000000002,94.93999999999994,0.1313757505170124,86.33000000000001,7.149999999999999,9.590000000000032,18.00999999999999,13.800000000000068,8.419999999999959,0.6101448833228286,-2.3999999999999773,1.4099999999999682,-0.4949999999998908,1.1700000000000017,1.2100000000000009,0.0399999999999991,8.370902254478139,21.98158843213756,5.510636986773702,1.3276417061843264
2024-04-18 14:59:27,691.98,775.67,40.77,47.97,733.825,1467.65,83.68999999999994,0.1140462642809302,88.74000000000001,7.199999999999996,16.789999999999964,5.539999999999964,11.164999999999964,11.25,1.0076129863311287,7.199999999999932,-12.470000000000027,-2.6350000000001046,1.1799999999999995,1.2299999999999969,0.0499999999999971,8.26938237244329,21.14627904620285,5.56743836966323,1.2579000357738803
2024-04-18 14:59:28,701.58,795.1,41.95,49.17,748.34,1496.68,93.51999999999998,0.1249699332857124,91.12,7.219999999999999,9.600000000000025,19.430000000000064,14.514999999999986,9.83000000000004,0.6772304046000445,-7.189999999999941,13.8900000000001,3.3500000000000227,1.1799999999999995,1.2000000000000028,0.0200000000000031,8.212686477033731,20.96895413462177,5.839976883515771,1.3411580816592503
2024-04-18 14:59:29,715.98,767.36,43.12,49.72,741.6700000000001,1483.34,51.38,0.0692760930477488,92.84,6.600000000000001,14.399999999999975,-27.74000000000001,-6.669999999999959,42.13999999999999,6.317840132257888,4.7999999999999545,-47.17000000000007,-21.184999999999945,1.1699999999999946,0.5499999999999972,0.6199999999999974,7.988690133684941,15.670155710772898,17.75545268361239,9.094533660391804
2024-04-18 14:59:30,726.78,759.04,44.3,49.72,742.91,1485.82,32.25999999999999,0.0434238332457177,94.02,5.420000000000002,10.799999999999956,-8.32000000000005,1.2399999999998954,19.120000000000005,15.419342403757431,-3.6000000000000227,19.41999999999996,7.9099999999998545,1.1799999999999995,0.0,1.1799999999999995,7.901616593260832,9.96453737008728,27.95942274082207,9.218574320359956
2024-04-18 14:59:31,742.38,771.51,45.48,50.19,756.9449999999999,1513.89,29.129999999999995,0.0384836414290554,95.67,4.710000000000001,15.600000000000025,12.470000000000027,14.034999999999968,3.1299999999999955,0.2230138779469985,4.800000000000068,20.79000000000008,12.795000000000073,1.1799999999999995,0.4699999999999988,0.7100000000000009,7.912041309584601,8.570779281947658,29.417236953867693,9.263610662155424
2024-04-18 14:59:32,749.58,770.13,46.65,50.19,759.855,1519.71,20.549999999999955,0.027044633480013,96.84,3.539999999999999,7.2000000000000455,-1.3799999999999957,2.910000000000082,8.580000000000041,2.9484525950334035,-8.399999999999977,-13.850000000000025,-11.124999999999886,1.1700000000000017,0.0,1.1700000000000017,7.846499299395918,8.181548905913937,29.18126402334212,9.036714972820574
2024-04-18 14:59:33,756.78,810.38,47.8,50.32,783.5799999999999,1567.16,53.60000000000002,0.0684039918471579,98.12,2.520000000000003,7.199999999999932,40.25,23.72499999999991,33.05000000000007,1.3930452521371943,-1.1368683772161605e-13,41.63,20.814999999999827,1.1499999999999986,0.1300000000000025,1.019999999999996,7.985935507685125,16.942455031661055,14.462141266078197,11.895166350244912
2024-04-18 14:59:34,766.38,775.67,48.98,50.54,771.025,1542.05,9.289999999999964,0.012048895934569,99.52,1.5600000000000025,9.600000000000025,-34.71000000000004,-12.55499999999995,44.31000000000006,3.5292709255857675,2.400000000000091,-74.96000000000004,-36.27999999999986,1.1799999999999995,0.2199999999999988,0.9600000000000009,7.747437623116584,15.313436338714276,16.398820994205728,13.739972434470111
2024-04-18 14:59:35,759.18,770.13,50.1,50.54,764.655,1529.31,10.950000000000044,0.0143201835934896,100.64,0.4399999999999977,-7.2000000000000455,-5.539999999999964,-6.3700000000000045,1.660000000000082,0.2605965054008752,-16.800000000000068,29.170000000000076,6.184999999999945,1.1200000000000043,0.0,1.1200000000000043,7.59792321544194,10.589208893956757,18.01796270392417,14.764491779265494
2024-04-18 14:59:36,747.18,772.9,50.1,50.76,760.04,1520.08,25.720000000000027,0.0338403241489391,100.86,0.6599999999999966,-12.0,2.769999999999982,-4.615000000000009,14.769999999999982,3.200432675962573,-4.7999999999999545,8.309999999999945,1.7549999999999957,0.0,0.2199999999999988,0.2199999999999988,7.535593817810888,9.90752075444975,17.872500384669248,14.04395839854272
2024-04-18 14:59:37,773.59,777.06,50.13,50.76,775.325,1550.65,3.4699999999999136,0.0044755425086568,100.89,0.6299999999999955,26.41000000000008,4.159999999999968,15.285000000000082,22.250000000000117,1.455675403619535,38.41000000000008,1.3899999999999864,19.90000000000009,0.0300000000000011,0.0,0.0300000000000011,7.684854716177474,9.18307070101563,20.18470782548024,15.557520850058314
2024-04-18 14:59:38,751.98,781.22,50.54,50.98,766.6,1533.2,29.24000000000001,0.0381424471195637,101.52,0.4399999999999977,-21.610000000000014,4.160000000000082,-8.725000000000023,25.770000000000092,2.953581323371772,-48.020000000000095,1.1368683772161605e-13,-24.010000000000105,0.4099999999999966,0.2199999999999988,0.1899999999999977,7.551221359818546,5.878087911885447,11.14618454898371,10.85812967319881
2024-04-18 14:59:39,748.38,779.83,50.54,50.98,764.105,1528.21,31.450000000000045,0.0411592647068672,101.52,0.4399999999999977,-3.6000000000000227,-1.3899999999999864,-2.4950000000000045,2.2100000000000364,0.885771188067673,18.00999999999999,-5.550000000000068,6.230000000000018,0.0,0.0,0.0,7.526644921920362,5.6597736262022575,12.290281933300111,9.5953077074162
2024-04-18 14:59:40,744.78,789.54,50.54,51.23,767.16,1534.32,44.75999999999999,0.0583450648386971,101.77,0.6899999999999977,-3.6000000000000227,9.709999999999924,3.05499999999995,13.309999999999944,4.356790717908165,0.0,11.099999999999907,5.5499999999999545,0.0,0.25,0.25,7.538174240560339,5.6055167023080354,14.96254557219469,9.29190669346182
2024-04-18 14:59:41,748.38,783.99,50.54,51.23,766.185,1532.37,35.610000000000014,0.0464770257229298,101.77,0.6899999999999977,3.6000000000000227,-5.5499999999999545,-0.9750000000000228,9.149999999999975,9.384605759378466,7.2000000000000455,-15.259999999999875,-4.029999999999973,0.0,0.0,0.0,7.528593814202674,4.321699607776287,15.409952303625175,8.926271898166704
2024-04-18 14:59:42,745.98,836.8,50.54,51.44,791.39,1582.78,90.81999999999994,0.1147601054919064,101.98,0.8999999999999986,-2.3999999999999773,52.809999999999945,25.20500000000004,55.20999999999992,2.190438318173438,-6.0,58.3599999999999,26.180000000000064,0.0,0.2100000000000008,0.2100000000000008,7.760247031180163,11.407719206741186,25.545133195972944,13.00297542872402
2024-04-18 14:59:43,745.98,852.12,50.54,52.65,799.05,1598.1,106.14,0.1328327387111786,103.19,2.1099999999999994,0.0,15.32000000000005,7.659999999999968,15.32000000000005,1.9999997389034432,2.3999999999999773,-37.489999999999895,-17.545000000000073,0.0,1.2100000000000009,1.2100000000000009,7.743482820588402,16.368224017890515,34.298638894276806,11.17895120304228
2024-04-18 14:59:44,741.18,866.06,50.54,53.85,803.6199999999999,1607.2399999999998,124.88,0.1553968291538328,104.39,3.3100000000000023,-4.800000000000068,13.93999999999994,4.569999999999936,18.74000000000001,4.100655557843481,-4.800000000000068,-1.3800000000001091,-3.090000000000032,0.0,1.2000000000000028,1.2000000000000028,7.69824688477587,17.720412100169792,38.81346183993381,10.159344590080632
2024-04-18 14:59:45,745.98,885.6,50.54,55.06,815.79,1631.58,139.62,0.17114698614699,105.6,4.520000000000003,4.800000000000068,19.54000000000008,12.170000000000073,14.740000000000007,1.2111749210209533,9.600000000000136,5.600000000000136,7.600000000000136,0.0,1.2100000000000009,1.2100000000000009,7.725284017752992,18.48007765134768,40.17177466829164,9.886059250277668
2024-04-18 14:59:46,745.98,895.38,50.54,56.26,820.6800000000001,1641.36,149.39999999999998,0.1820441582808839,106.8,5.719999999999999,0.0,9.779999999999973,4.8900000000001,9.779999999999973,1.999999591002082,-4.800000000000068,-9.760000000000105,-7.279999999999973,0.0,1.1999999999999955,1.1999999999999955,7.684269590971259,12.02818897423204,23.943176898648964,8.55763577163694
2024-04-18 14:59:47,745.98,899.57,50.54,57.44,822.7750000000001,1645.5500000000002,153.59000000000003,0.1866731485683532,107.98,6.899999999999999,0.0,4.190000000000055,2.0950000000000277,4.190000000000055,1.9999990453465173,0.0,-5.589999999999918,-2.7950000000000728,0.0,1.1799999999999995,1.1799999999999995,7.619698021673478,10.523789479072471,19.42441196021121,3.839494758428512
2024-04-18 14:59:48,745.98,919.15,50.54,58.64,832.565,1665.13,173.16999999999996,0.2079957718520526,109.18,8.100000000000001,0.0,19.579999999999927,9.789999999999964,19.579999999999927,1.9999997957099287,0.0,15.389999999999873,7.694999999999936,0.0,1.2000000000000028,1.2000000000000028,7.625618175255375,10.581750445925094,17.828409070918095,4.137873246004516
2024-04-18 14:59:49,739.98,919.15,50.54,59.82,829.565,1659.13,179.16999999999996,0.2159806643048095,110.36,9.28,-6.0,0.0,-3.0,6.0,1.9999993333335555,-6.0,-19.579999999999927,-12.789999999999964,0.0,1.1799999999999995,1.1799999999999995,7.516899170742125,6.780070980442197,16.61798573834971,6.054451255068456
2024-04-18 14:59:50,809.61,928.95,51.42,61.02,869.28,1738.56,119.34000000000005,0.1372860296598495,112.44,9.6,69.63,9.800000000000068,39.71499999999992,59.82999999999993,1.5064836584040386,75.63,9.800000000000068,42.71499999999992,0.8800000000000026,1.2000000000000028,0.3200000000000003,7.731056494743361,19.78064856115268,23.55472203189827,16.868538985341864
2024-04-18 14:59:51,830.03,945.76,52.59,62.2,887.895,1775.79,115.73000000000002,0.1303419884892448,114.79,9.61,20.41999999999996,16.809999999999945,18.61500000000001,3.6100000000000136,0.1939296162272573,-49.21000000000004,7.009999999999877,-21.09999999999991,1.1700000000000017,1.1799999999999995,0.009999999999998,7.734950712301152,28.53932909162073,29.575726533764023,16.803729719916312
2024-04-18 14:59:52,850.46,948.57,53.74,63.4,899.5150000000001,1799.0300000000002,98.11,0.1090698875404302,117.14,9.659999999999997,20.430000000000064,2.810000000000059,11.620000000000118,17.620000000000005,1.5163509882658208,0.0100000000001045,-13.999999999999886,-6.994999999999891,1.1499999999999986,1.1999999999999955,0.0499999999999971,7.678973811857831,31.75615932381984,36.617087268104655,15.699223149570134
2024-04-18 14:59:53,864.88,964.0,54.92,64.58,914.44,1828.88,99.12,0.1083942083587832,119.5,9.659999999999997,14.41999999999996,15.42999999999995,14.924999999999956,1.009999999999991,0.067671687258178,-6.010000000000105,12.61999999999989,3.3049999999998363,1.1799999999999995,1.1799999999999995,0.0,7.652217509186465,32.740612662255224,33.19861337465757,15.410032040849192
2024-04-18 14:59:54,869.69,982.26,56.07,65.76,925.975,1851.95,112.56999999999994,0.1215691567033999,121.83,9.690000000000005,4.810000000000059,18.25999999999999,11.534999999999968,13.449999999999932,1.1660163705230688,-9.6099999999999,2.830000000000041,-3.3899999999999864,1.1499999999999986,1.1800000000000068,0.0300000000000082,7.600549884260445,22.20373093648504,9.76161513275304,11.786200405558988
2024-04-18 14:59:55,880.51,997.72,57.22,66.94,939.115,1878.23,117.21000000000004,0.124808995570501,124.16,9.72,10.819999999999936,15.460000000000036,13.139999999999986,4.6400000000001,0.3531202166575257,6.009999999999877,-2.7999999999999545,1.6050000000000182,1.1499999999999986,1.1799999999999926,0.029999999999994,7.563748328255893,20.394674427404254,9.228039878543717,2.9423047938648077
2024-04-18 14:59:56,898.54,1010.38,58.37,68.11,954.46,1908.92,111.84000000000005,0.1171762042231458,126.48,9.740000000000002,18.029999999999973,12.659999999999968,15.345000000000027,5.3700000000000045,0.3499511013391264,7.210000000000036,-2.800000000000068,2.205000000000041,1.1499999999999986,1.1700000000000017,0.0200000000000031,7.5463313761359005,21.29910367831968,8.614763490659106,1.7878080154199565
2024-04-18 14:59:57,910.56,1035.74,59.49,69.29,973.15,1946.3,125.18000000000006,0.1286338178814841,128.78,9.800000000000004,12.019999999999982,25.360000000000014,18.68999999999994,13.340000000000032,0.7137506306179477,-6.009999999999991,12.700000000000044,3.3449999999999136,1.1200000000000043,1.1800000000000068,0.0600000000000022,7.556685762100592,23.17658101402801,9.488046690441283,2.684861728283204
2024-04-18 14:59:58,926.19,1048.44,60.64,70.47,987.315,1974.63,122.25,0.1238206650118547,131.11,9.829999999999998,15.63000000000011,12.700000000000044,14.165000000000076,2.930000000000064,0.2068478498519024,3.6100000000001273,-12.659999999999968,-4.524999999999864,1.1499999999999986,1.1799999999999926,0.029999999999994,7.530432403856056,24.817972973226407,5.862785174300172,2.6923525957793597
2024-04-18 14:59:59,940.63,1063.97,61.79,71.64,1002.3,2004.6,123.34000000000005,0.1230569688485913,133.43,9.85,14.43999999999994,15.529999999999973,14.9849999999999,1.0900000000000318,0.0727394012185944,-1.1900000000001685,2.8299999999999272,0.8199999999998226,1.1499999999999986,1.1700000000000017,0.0200000000000031,7.511803885844233,25.200979296443737,5.417880581924427,2.094101836110128
2024-04-18 15:00:00,944.24,1079.51,62.91,72.82,1011.875,2023.75,135.26999999999998,0.1336825199420061,135.73,9.909999999999997,3.6100000000000136,15.539999999999964,9.575000000000044,11.92999999999995,1.2459528724853286,-10.829999999999927,0.0099999999999909,-5.409999999999855,1.1199999999999974,1.1799999999999926,0.0599999999999951,7.455057780482887,22.894687975593307,8.349702389905506,3.273365240849188
2024-04-18 15:00:01,950.25,1082.34,64.06,73.97,1016.295,2032.59,132.08999999999992,0.1299721044283675,138.03,9.909999999999997,6.009999999999991,2.8299999999999272,4.419999999999959,3.180000000000064,0.7194568508016385,2.3999999999999773,-12.710000000000036,-5.155000000000086,1.1500000000000057,1.1500000000000057,0.0,7.362855847548679,17.869174085552164,5.736116281944936,5.5003893044038055
2024-04-18 15:00:02,968.3,1062.55,65.18,75.06,1015.425,2030.85,94.25,0.0928182779695021,140.24,9.879999999999995,18.049999999999955,-19.789999999999964,-0.8700000000000045,37.83999999999992,43.494202880226254,12.039999999999964,-22.61999999999989,-5.289999999999964,1.1200000000000043,1.0900000000000034,0.0300000000000011,7.240623165711471,12.145901366294856,16.18837237031547,6.703287439756702
2024-04-18 15:00:03,980.33,1047.03,66.31,75.06,1013.68,2027.36,66.69999999999993,0.0657998578784232,141.37,8.75,12.030000000000086,-15.519999999999982,-1.7449999999998909,27.550000000000068,15.787956568507292,-6.019999999999868,4.269999999999982,-0.8749999999998863,1.1299999999999957,0.0,1.1299999999999957,7.170403853926548,5.63625651472325,29.26988469399895,7.080722597305955
2024-04-18 15:00:04,988.75,1082.34,67.46,75.12,1035.545,2071.09,93.58999999999992,0.0903775305849792,142.57999999999998,7.660000000000011,8.419999999999959,35.309999999999945,21.86500000000001,26.889999999999983,1.2298192897407128,-3.6100000000001273,50.82999999999993,23.6099999999999,1.1499999999999917,0.0600000000000022,1.0899999999999892,7.262904984830238,9.643031421692855,28.986460632508987,9.644313998413764
2024-04-18 15:00:05,1003.2,1112.06,68.58,76.27,1057.63,2115.26,108.8599999999999,0.1029282451302172,144.85,7.689999999999998,14.450000000000044,29.720000000000027,22.08500000000004,15.269999999999982,0.6914194842010628,6.030000000000086,-5.589999999999918,0.2200000000000272,1.1200000000000043,1.1499999999999917,0.0299999999999869,7.301553280624417,18.93843875560364,23.91255047041181,11.942149827397063
2024-04-18 15:00:06,1003.2,1126.24,69.7,77.42,1064.72,2129.44,123.03999999999996,0.1155608985314815,147.12,7.719999999999999,0.0,14.180000000000064,7.089999999999918,14.180000000000064,1.9999997179126248,-14.450000000000044,-15.539999999999964,-14.995000000000118,1.1200000000000043,1.1500000000000057,0.0300000000000011,7.237085323293329,23.476665808835428,20.949982577558213,11.73562258680807
2024-04-18 15:00:07,1010.42,1147.52,70.82,78.59,1078.97,2157.94,137.10000000000002,0.1270656272861473,149.41,7.77000000000001,7.219999999999914,21.279999999999973,14.25,14.06000000000006,0.9866665974269097,7.219999999999914,7.099999999999909,7.160000000000082,1.1199999999999903,1.1700000000000017,0.0500000000000113,7.221538001328305,25.701100268271237,27.22199698773025,10.180958574711893
2024-04-18 15:00:08,1033.29,1163.15,71.94,79.74,1098.22,2196.44,129.86000000000013,0.118245888694209,151.68,7.799999999999997,22.870000000000005,15.63000000000011,19.25,7.239999999999895,0.3761038765660269,15.650000000000093,-5.649999999999864,5.0,1.1200000000000043,1.1499999999999917,0.0299999999999869,7.240374424839303,23.45410507778371,17.385758539678278,6.330802279332413
2024-04-18 15:00:09,1042.93,1174.52,73.07,80.89,1108.725,2217.45,131.58999999999992,0.118685877815792,153.95999999999998,7.820000000000007,9.6400000000001,11.36999999999989,10.504999999999882,1.7299999999997908,0.164683468378519,-13.229999999999905,-4.260000000000218,-8.745000000000118,1.1299999999999957,1.1500000000000057,0.0200000000000102,7.201383429453212,21.670187931804172,10.861150951901706,6.14273697141597
2024-04-18 15:00:10,1015.23,1197.29,73.39,82.02,1106.26,2212.52,182.05999999999997,0.1645725234894395,155.41,8.629999999999995,-27.700000000000045,22.769999999999985,-2.464999999999918,50.47000000000003,20.474636724285997,-37.34000000000015,11.400000000000093,-12.9699999999998,0.3200000000000074,1.1299999999999957,0.8099999999999881,7.1183321078545,18.93285979453996,23.643066636965564,8.175404730042393
2024-04-18 15:00:11,1004.4,1205.84,73.39,83.16,1105.12,2210.24,201.43999999999997,0.1822788473810274,156.55,9.769999999999996,-10.83000000000004,8.549999999999955,-1.1400000000001,19.379999999999995,16.999985087730884,16.870000000000005,-14.220000000000027,1.324999999999818,0.0,1.1400000000000006,1.1400000000000006,7.059214263435232,12.098486682213764,33.08864760004545,9.55149006700001
2024-04-18 15:00:12,1059.79,1207.27,74.16,84.31,1133.53,2267.06,147.48000000000002,0.1301068342874852,158.47,10.150000000000006,55.38999999999999,1.4300000000000637,28.41000000000008,53.95999999999992,1.8993311545465896,66.22000000000003,-7.119999999999891,29.550000000000185,0.769999999999996,1.1500000000000057,0.3800000000000096,7.152962660737284,13.520065828230836,31.87771290415913,13.229349284828816
2024-04-18 15:00:13,1065.81,1221.52,75.28,85.46,1143.665,2287.33,155.71000000000004,0.1361500088433676,160.74,10.179999999999993,6.019999999999982,14.25,10.134999999999993,8.230000000000018,0.8120374137111606,-49.370000000000005,12.819999999999936,-18.27500000000009,1.1200000000000043,1.1499999999999917,0.0299999999999869,7.114999333613292,17.881294346318594,27.92565182766548,12.394833298596668
2024-04-18 15:00:14,1092.31,1232.94,76.38,86.59,1162.625,2325.25,140.6300000000001,0.1209590365586849,162.97,10.210000000000008,26.5,11.420000000000073,18.96000000000004,15.079999999999927,0.7953586078397304,20.480000000000015,-2.8299999999999272,8.825000000000045,1.0999999999999943,1.1300000000000097,0.0300000000000153,7.133981670651153,24.72800916975872,25.519561712537183,13.187700235446698
2024-04-18 15:00:15,1101.95,1245.79,77.5,87.74,1173.87,2347.74,143.83999999999992,0.1225348632109731,165.24,10.239999999999997,9.6400000000001,12.849999999999907,11.24499999999989,3.209999999999809,0.2854601791498142,-16.8599999999999,1.4299999999998363,-7.7150000000001455,1.1200000000000043,1.1499999999999917,0.0299999999999869,7.104030458097128,26.740474145004505,25.02503046951182,10.98698241101721
2024-04-18 15:00:16,1118.82,1261.51,78.59,88.86,1190.165,2380.33,142.69000000000003,0.1198909393908484,167.45,10.269999999999996,16.86999999999989,15.720000000000027,16.295000000000073,1.1499999999998636,0.0705737913118175,7.229999999999791,2.8700000000001182,5.050000000000182,1.0900000000000034,1.1200000000000043,0.0300000000000011,7.10758431109236,22.769034180211356,5.935246414429344,7.327594591678828
2024-04-18 15:00:17,1124.85,1277.25,79.72,89.98,1201.05,2402.1,152.4000000000001,0.126888972043721,169.7,10.260000000000003,6.029999999999973,15.740000000000007,10.884999999999993,9.710000000000036,0.8920532023837247,-10.839999999999918,0.0199999999999818,-5.410000000000082,1.1299999999999957,1.1200000000000043,0.0099999999999909,7.077489645978258,22.5956375767451,6.598259619020502,3.900962060825552
2024-04-18 15:00:18,1135.7,1287.27,80.81,91.13,1211.485,2422.9700000000003,151.56999999999994,0.1251109174896007,171.94,10.319999999999991,10.850000000000136,10.019999999999982,10.435000000000173,0.8300000000001546,0.0795400019607224,4.820000000000164,-5.720000000000027,-0.4499999999998181,1.0900000000000034,1.1499999999999917,0.059999999999988,7.045975299255699,19.811315390442832,5.389529664079815,3.8379884054019815
2024-04-18 15:00:19,1153.78,1298.74,81.91,92.25,1226.26,2452.52,144.96000000000004,0.1182131031606567,174.16,10.340000000000003,18.079999999999927,11.470000000000027,14.774999999999864,6.6099999999999,0.447377296285798,7.229999999999791,1.4500000000000457,4.339999999999691,1.0999999999999943,1.1200000000000043,0.0200000000000102,7.040996744137593,20.003110195656465,4.547688423803519,2.6347428717049146
2024-04-18 15:00:20,1165.84,1314.51,83.0,93.37,1240.175,2480.35,148.67000000000007,0.1198782428932383,176.37,10.370000000000005,12.059999999999944,15.769999999999982,13.914999999999964,3.710000000000037,0.2666187375768098,-6.019999999999982,4.2999999999999545,-0.8599999999999,1.0900000000000034,1.1200000000000043,0.0300000000000011,7.0316663433029065,19.85839576852948,4.182543484531435,2.527682733255845
2024-04-18 15:00:21,1186.34,1328.86,84.1,94.5,1257.6,2515.2,142.51999999999998,0.1133269719200644,178.6,10.400000000000006,20.5,14.349999999999907,17.424999999999955,6.150000000000091,0.3529411562157217,8.440000000000055,-1.4200000000000728,3.509999999999991,1.0999999999999943,1.1299999999999957,0.0300000000000011,7.041433331234976,22.495071515768235,4.237420205737986,2.891153748938223
2024-04-18 15:00:22,1189.96,1340.35,85.19,95.62,1265.155,2530.31,150.38999999999987,0.118870810202014,180.81,10.430000000000009,3.6200000000001182,11.490000000000007,7.555000000000064,7.869999999999891,1.0416941043422527,-16.87999999999988,-2.8599999999999,-9.86999999999989,1.0900000000000034,1.1200000000000043,0.0300000000000011,6.99715166751202,22.04748483386509,3.7902335020412905,3.861201885423676
2024-04-18 15:00:23,1202.02,1350.41,86.29,96.71,1276.215,2552.4300000000003,148.3900000000001,0.1162735118171519,183.0,10.419999999999987,12.059999999999944,10.060000000000173,11.060000000000173,1.9999999999997728,0.18083181005135,8.439999999999827,-1.4299999999998363,3.505000000000109,1.1000000000000083,1.0899999999999892,0.0100000000000193,6.973852420907911,19.920565190262536,3.1797845838981567,3.773775298027083
2024-04-18 15:00:24,1215.29,1363.36,87.38,97.83,1289.3249999999998,2578.65,148.06999999999994,0.1148430379346998,185.21,10.450000000000005,13.269999999999982,12.949999999999818,13.109999999999673,0.3200000000001637,0.0244088463456388,1.2100000000000364,2.8899999999996453,2.0499999999995,1.0899999999999892,1.1200000000000043,0.0300000000000153,6.961422131842653,18.61543929106905,2.9824520113484443,3.6432379142734375
2024-04-18 15:00:25,1229.77,1310.21,88.47,97.94,1269.99,2539.98,80.44000000000005,0.0633390813602162,186.41,9.47,14.480000000000018,-53.14999999999986,-19.33499999999981,67.62999999999988,3.49780173272298,1.2100000000000364,-66.09999999999968,-32.44499999999948,1.0900000000000034,0.1099999999999994,0.980000000000004,6.812885538260364,11.995704752096326,30.062126837600733,14.5856070322766
2024-04-18 15:00:26,1237.01,1317.38,89.54,97.94,1277.1950000000002,2554.3900000000003,80.37000000000012,0.0629269609864375,187.48,8.399999999999991,7.240000000000009,7.170000000000073,7.205000000000155,0.0699999999999363,0.0097154740158863,-7.240000000000009,60.319999999999936,26.539999999999964,1.0700000000000074,0.0,1.0700000000000074,6.81243328988461,9.108582765691803,37.55417579976948,13.23097851634554
2024-04-18 15:00:27,1250.29,1382.08,90.64,98.93,1316.185,2632.37,131.78999999999996,0.1001303007554938,189.57,8.290000000000006,13.279999999999973,64.69999999999982,38.98999999999978,51.419999999999845,1.3187996584047317,6.039999999999964,57.52999999999975,31.784999999999627,1.0999999999999943,0.9900000000000092,0.1099999999999852,6.943002548172165,18.38169320273383,34.80127468929828,20.732570209696465
2024-04-18 15:00:28,1258.74,1400.81,91.7,100.02,1329.775,2659.55,142.06999999999994,0.106837622825788,191.72,8.319999999999993,8.450000000000045,18.730000000000015,13.590000000000146,10.279999999999973,0.7564385021016454,-4.829999999999927,-45.9699999999998,-25.39999999999964,1.0600000000000025,1.0899999999999892,0.0299999999999869,6.9360264607968585,25.6011153077245,33.503592643177704,20.78941936418604
2024-04-18 15:00:29,1269.6,1412.36,92.8,101.15,1340.98,2681.96,142.76,0.1064594549460398,193.95,8.350000000000009,10.8599999999999,11.549999999999956,11.204999999999927,0.6900000000000546,0.0615796464453737,2.4099999999998545,-7.180000000000064,-2.3850000000002183,1.0999999999999943,1.1300000000000097,0.0300000000000153,6.9140499772413,31.68450035110819,32.31778194740462,20.751907562920422
2024-04-18 15:00:30,1282.88,1429.68,93.87,102.24,1356.2800000000002,2712.5600000000004,146.79999999999995,0.1082372370688668,196.11,8.36999999999999,13.2800000000002,17.320000000000164,15.300000000000182,4.039999999999964,0.2640522703233755,2.4200000000003,5.770000000000209,4.095000000000255,1.0700000000000074,1.0899999999999892,0.0199999999999818,6.915914502493935,30.06416982887318,27.61055359821661,12.522673736067574
2024-04-18 15:00:31,1292.54,1442.69,94.93,103.36,1367.615,2735.23,150.1500000000001,0.1097896702582308,198.29,8.429999999999993,9.659999999999854,13.009999999999993,11.334999999999807,3.3500000000001364,0.2955447467538991,-3.6200000000003456,-4.310000000000173,-3.965000000000373,1.0600000000000025,1.1200000000000043,0.0600000000000022,6.89704469767994,20.474450114698584,6.923512836703411,11.809711787338337
2024-04-18 15:00:32,1263.56,1465.84,95.4,104.46,1364.6999999999998,2729.4,202.28,0.1482230525769597,199.86,9.059999999999988,-28.980000000000015,23.149999999999864,-2.915000000000191,52.12999999999988,17.883355786154606,-38.63999999999987,10.139999999999873,-14.25,0.4699999999999988,1.0999999999999943,0.6299999999999955,6.8282797616917845,16.114769235060542,25.62589842327477,7.255489818062026
2024-04-18 15:00:33,1262.36,1471.63,95.4,105.55,1366.995,2733.99,209.2700000000002,0.1530876117666214,200.95,10.149999999999991,-1.2000000000000457,5.790000000000191,2.2950000000000728,6.9900000000002365,3.045750306862617,27.779999999999973,-17.359999999999673,5.210000000000264,0.0,1.0900000000000034,1.0900000000000034,6.802662319966846,11.20551281732501,32.627035875175665,7.497046418423788
2024-04-18 15:00:34,1304.62,1486.12,95.97,106.65,1395.37,2790.74,181.5,0.1300730271325361,202.62,10.680000000000009,42.25999999999999,14.489999999999782,28.375,27.77000000000021,0.9786783796060556,43.46000000000004,8.69999999999959,26.079999999999927,0.5699999999999932,1.1000000000000083,0.5300000000000153,6.886635046458221,14.785966573045137,28.847200037438625,12.143132627127208
2024-04-18 15:00:35,1319.11,1500.63,97.04,107.74,1409.87,2819.74,181.5200000000002,0.1287494590786744,204.78,10.699999999999989,14.490000000000007,14.510000000000218,14.5,0.0200000000002091,0.0013793102497171,-27.769999999999985,0.0200000000004365,-13.875,1.0700000000000074,1.0899999999999892,0.0199999999999818,6.884803169817349,20.49952164074046,23.056986576740613,12.075382809666982
2024-04-18 15:00:36,1331.19,1507.88,98.11,108.84,1419.535,2839.07,176.69000000000003,0.1244703370297524,206.95,10.730000000000004,12.080000000000156,7.25,9.665000000000193,4.830000000000155,0.4997412830065987,-2.4099999999998545,-7.260000000000218,-4.834999999999809,1.0699999999999932,1.1000000000000083,0.0300000000000153,6.8593138107788665,24.783653231498526,14.51835286800803,12.077145979079695
2024-04-18 15:00:37,1343.27,1526.76,99.18,109.93,1435.015,2870.03,183.49,0.1278662591486038,209.11,10.75,12.079999999999927,18.87999999999988,15.47999999999979,6.7999999999999545,0.4392764574110845,-2.273736754432321e-13,11.629999999999882,5.8149999999996,1.0700000000000074,1.0900000000000034,0.019999999999996,6.862488609523749,25.847451663541875,12.976607029574334,9.550660055723844
2024-04-18 15:00:38,1366.23,1532.58,100.24,111.03,1449.405,2898.81,166.3499999999999,0.1147712336339592,211.27,10.790000000000006,22.96000000000004,5.819999999999936,14.3900000000001,17.1400000000001,1.1911048512088347,10.88000000000011,-13.059999999999944,-1.0899999999996908,1.059999999999988,1.0999999999999943,0.0400000000000062,6.860439215882808,21.11080688886842,6.931424817452558,7.021818318640787
2024-04-18 15:00:39,1366.23,1545.66,101.28,112.12,1455.9450000000002,2911.8900000000003,179.43000000000006,0.1232395453652167,213.4,10.840000000000003,0.0,13.080000000000156,6.540000000000191,13.080000000000156,1.9999996941896143,-22.96000000000004,7.260000000000218,-7.849999999999909,1.0400000000000065,1.0900000000000034,0.0499999999999971,6.8226100898659325,19.43842727689328,6.722051770106901,3.849357089177224
2024-04-18 15:00:40,1380.73,1564.59,102.35,113.19,1472.66,2945.32,183.8599999999999,0.1248489127667968,215.54,10.840000000000003,14.5,18.92999999999984,16.71499999999969,4.429999999999836,0.2650313930582426,14.5,5.849999999999682,10.1749999999995,1.0699999999999932,1.0699999999999932,0.0,6.832420864654259,20.25468081701211,7.140670836832949,4.294203360344995
2024-04-18 15:00:41,1392.82,1577.7,103.39,114.28,1485.26,2970.52,184.8800000000001,0.1244765225452268,217.67,10.89,12.089999999999918,13.110000000000127,12.600000000000136,1.0200000000002092,0.080952374527605,-2.410000000000082,-5.819999999999709,-4.114999999999554,1.0400000000000065,1.0900000000000034,0.0499999999999971,6.823448307881433,19.68947834502001,7.693332827844963,3.989680438330689
2024-04-18 15:00:42,1400.07,1583.53,104.43,115.35,1491.8,2983.6,183.46000000000004,0.1229789515196548,219.78,10.919999999999987,7.25,5.829999999999927,6.539999999999964,1.4200000000000728,0.2171253490634146,-4.839999999999918,-7.2800000000002,-6.060000000000173,1.0400000000000065,1.0699999999999932,0.0299999999999869,6.787696756812736,18.246501513961142,7.68955330302073,4.633014137686068
2024-04-18 15:00:43,1417.0,1603.96,105.5,116.42,1510.48,3020.96,186.96000000000004,0.1237752236879831,221.92,10.920000000000002,16.930000000000064,20.430000000000064,18.680000000000064,3.5,0.1873661569932457,9.680000000000064,14.600000000000136,12.1400000000001,1.0699999999999932,1.0700000000000074,1.4210854715202004e-14,6.806416696077791,20.471470513838494,2.753837322718296,5.625959918093893
2024-04-18 15:00:44,1430.3,1605.42,106.54,117.51,1517.86,3035.7200000000003,175.12000000000012,0.1153729592219487,224.05,10.97,13.299999999999956,1.4600000000000364,7.380000000000109,11.839999999999918,1.6043358259707203,-3.630000000000109,-18.970000000000027,-11.299999999999956,1.0400000000000065,1.0900000000000034,0.0499999999999971,6.774648485719043,18.46970817308532,4.532050308634716,5.423010695176557
2024-04-18 15:00:45,1439.98,1630.25,107.58,118.55,1535.115,3070.23,190.27,0.1239451115232766,226.13,10.97,9.680000000000064,24.829999999999927,17.25499999999988,15.149999999999864,0.8780063240796083,-3.619999999999891,23.36999999999989,9.874999999999773,1.039999999999992,1.039999999999992,0.0,6.78863924827029,20.112730918473044,5.654637035212412,5.535070460256102
