time,force_left,force_right,force_left_filt,force_right_filt,force_avg,force_diff,dis_left,dis_right,total_delta_dis,dis_diff,force_rate,force_acc,stiffness_ratio,force_std_5s
2024-06-23 08:22:05,399.96,323.49,399.96,323.49,361.725,76.46999999999997,-0.15,17.25,17.1,17.4,0.0,0.0,21.1535075348826,0.0
2024-06-23 08:22:06,402.6,338.0,400.62,327.1175,363.86875,73.5025,0.16,17.36,17.52,17.2,2.1437499999999545,2.1437499999999545,20.768763083974708,0.0
2024-06-23 08:22:07,405.24,328.77,401.77500000000003,327.530625,364.6528125,74.24437500000005,0.16,17.36,17.52,17.2,0.7840625000000045,-1.35968749999995,20.81351550721943,0.0
2024-06-23 08:22:08,406.56,340.63,402.97125,330.80546875,366.888359375,72.16578125000001,0.33,17.48,17.81,17.150000000000002,2.2355468750000114,1.4514843750000068,20.600131318072357,0.0
2024-06-23 08:22:09,405.24,335.36,403.5384375,331.9441015625,367.74126953125,71.59433593749998,0.33,17.48,17.81,17.150000000000002,0.8529101562500045,-1.3826367187500068,20.64802071214089,2.408489401117865
2024-06-23 08:22:10,409.2,343.27,404.95382812500003,334.775576171875,369.8647021484375,70.17825195312503,0.52,17.59,18.11,17.07,2.123432617187518,1.2705224609375136,20.423229250425635,2.4132520895962104
2024-06-23 08:22:11,407.88,336.68,405.68537109375006,335.2516821289063,370.4685266113282,70.43368896484378,0.52,17.56,18.08,17.04,0.6038244628906568,-1.5196081542968614,20.49051471907154,2.3477407407830113
2024-06-23 08:22:12,415.79,345.91,408.21152832031254,337.9162615966797,373.0638949584961,70.29526672363284,0.66,17.62,18.28,16.96,2.5953683471679483,1.9915438842772915,20.408308235787082,2.4305711612443406
2024-06-23 08:22:13,409.2,338.0,408.45864624023443,337.93719619750976,373.1979212188721,70.52145004272467,0.66,17.62,18.28,16.96,0.13402626037600385,-2.4613420867919444,20.41564008770416,2.3017989611216385
2024-06-23 08:22:14,422.39,345.91,411.9414846801758,339.93039714813233,375.93594091415406,72.01108753204346,0.78,17.7,18.48,16.919999999999998,2.7380196952819347,2.603993434905931,20.34285284476738,2.4332205196126866
2024-06-23 08:22:15,411.83,341.95,411.9136135101318,340.43529786109923,376.1744556856155,71.4783156490326,0.8,17.7,18.5,16.9,0.23851477146143907,-2.4995049238204956,20.33375326226282,2.3557522701604894
2024-06-23 08:22:16,432.94,347.23,417.17021013259887,342.13397339582446,379.65209176421166,75.03623673677441,0.8,17.76,18.560000000000002,16.96,3.477636078596163,3.239121307134724,20.455391773104516,2.6955517249842083
2024-06-23 08:22:17,410.52,343.27,415.50765759944915,342.41798004686837,378.9628188231587,73.08967755258078,0.86,17.76,18.62,16.900000000000002,-0.6892729410529341,-4.166909019649097,20.35245963859823,2.594412710821918
2024-06-23 08:22:18,426.35,351.18,418.2182431995868,344.6084850351513,381.41336411736904,73.6097581644355,0.86,17.81,18.669999999999998,16.95,2.4505452942103148,3.139818235263249,20.42920962443275,2.3444429426429005
2024-06-23 08:22:19,414.47,344.59,417.2811823996901,344.6038637763635,380.9425230880268,72.67731862332664,0.97,17.78,18.75,16.810000000000002,-0.4708410293422389,-2.9213863235525537,20.316933481124977,2.066857916900626
2024-06-23 08:22:20,411.83,378.86,415.9183867997676,353.1678978322726,384.54314231602007,62.75048896749496,0.97,17.81,18.779999999999998,16.84,3.6006192279932634,4.071460257335502,20.4762045708102,2.158828839486308
2024-06-23 08:22:21,414.47,345.91,415.5562900998257,351.3534233742045,383.4548567370151,64.20286672562116,1.06,17.78,18.84,16.720000000000002,-1.0882855790049462,-4.6889048069982096,20.35322910741964,2.1896158998070674
2024-06-23 08:22:22,413.15,340.63,414.9547175748693,348.6725675306534,381.81364255276134,66.28215004421588,1.06,17.78,18.84,16.720000000000002,-1.6412141842537835,-0.5529286052488374,20.266115832624497,1.5117599769447732
2024-06-23 08:22:23,415.79,347.23,415.1635381811519,348.31192564799005,381.737731914571,66.85161253316187,1.14,17.81,18.95,16.669999999999998,-0.07591063819035071,1.5653035460634328,20.14447027810558,1.4632192495911973
2024-06-23 08:22:24,413.15,341.95,414.66015363586394,346.7214442359926,380.6907989359282,67.93870939987136,1.14,17.78,18.92,16.64,-1.046932978642758,-0.9710223404524072,20.12107710437902,1.5328101244857049
2024-06-23 08:22:25,417.11,352.5,415.272615226898,348.16608317699445,381.7193492019462,67.10653204990354,1.25,17.81,19.06,16.56,1.0285502660179873,2.075483244660745,20.027247071075507,0.9930724362015521
2024-06-23 08:22:26,411.83,344.59,414.4119614201735,347.2720623827458,380.8420119014596,67.13989903742771,1.25,17.81,19.06,16.56,-0.8773373004866016,-1.905887566504589,19.98121678490256,0.546292973073904
2024-06-23 08:22:27,417.11,338.0,415.0864710651301,344.9540467870593,380.0202589260947,70.1324242780708,1.34,17.78,19.12,16.44,-0.821752975364916,0.05558432512168565,19.875535515196606,0.7318041324746616
2024-06-23 08:22:28,413.15,348.54,414.60235329884756,345.8505350902945,380.22644419457106,68.75181820855306,1.34,17.81,19.15,16.47,0.20618526847636076,1.0279382438412767,19.85516576184884,0.6606110060309206
2024-06-23 08:22:29,417.11,344.59,415.22926497413573,345.53540131772087,380.3823331459283,69.69386365641486,1.39,17.78,19.17,16.39,0.15588895135726943,-0.05029631711909133,19.84258285359131,0.6758854704262156
2024-06-23 08:22:30,417.11,335.36,415.69944873060183,342.99155098829067,379.34549985944625,72.70789774231116,1.39,17.78,19.17,16.39,-1.0368332864820786,-1.192722237839348,19.788496612986414,0.5481492433050669
2024-06-23 08:22:31,415.79,348.54,415.72208654795133,344.37866324121796,380.05037489458465,71.34342330673337,1.42,17.84,19.259999999999998,16.42,0.7048750351384001,1.7417083216204787,19.732624878606426,0.3964372535477464
2024-06-23 08:22:32,418.43,344.59,416.39906491096355,344.43149743091345,380.4152811709385,71.96756748005009,1.42,17.81,19.229999999999997,16.39,0.36490627635384953,-0.3399687587845506,19.782384887600294,0.4374795232783788
2024-06-23 08:22:33,417.11,340.63,416.5767986832227,343.48112307318513,380.0289608782039,73.09567561003757,1.48,17.81,19.29,16.33,-0.386320292734581,-0.7512265690884306,19.700826395924185,0.43025779652477264
2024-06-23 08:22:34,417.11,355.13,416.710099012417,346.39334230488885,381.5517206586529,70.31675670752816,1.48,17.87,19.35,16.39,1.5227597804490074,1.9090800731835884,19.718434157117247,0.810030855251524
2024-06-23 08:22:35,421.07,349.86,417.80007425931274,347.26000672866667,382.5300404939897,70.54006753064607,1.53,17.87,19.400000000000002,16.34,0.9783198353367766,-0.5444399451122308,19.718042308038523,1.095003358547503
2024-06-23 08:22:36,419.75,344.59,418.2875556944846,346.5925050465,382.4400303704923,71.6950506479846,1.53,17.87,19.400000000000002,16.34,-0.09001012349739312,-1.0683299588341697,19.713402611190187,1.14355395041159
2024-06-23 08:22:37,417.11,389.4,417.99316677086347,357.294378784875,387.64377277786923,60.698787985988474,1.53,17.87,19.400000000000002,16.34,5.203742407376922,5.293752530874315,19.981636742073835,2.8676594163248903
2024-06-23 08:22:38,415.79,351.18,417.4423750781476,355.7657840886563,386.6040795834019,61.67659098949133,1.53,17.9,19.43,16.369999999999997,-1.0396931944673042,-6.243435601844226,19.897275331246863,2.7626164282799155
2024-06-23 08:22:39,417.11,345.91,417.3592813086108,353.3018380664922,385.3305596875515,64.05744324211855,1.59,17.9,19.49,16.31,-1.273519895850427,-0.23382670138312278,19.770679318464452,2.3603626017686423
2024-06-23 08:22:40,422.39,340.63,418.6169609814581,350.1338785498692,384.37541976566365,68.48308243158885,1.59,17.87,19.46,16.28,-0.9551399218878487,0.31837997396257833,19.75207605414119,2.014128231572962
2024-06-23 08:22:41,415.79,355.13,417.91022073609355,351.38290891240194,384.6465648242478,66.5273118236916,1.59,17.93,19.52,16.34,0.27114505858412485,1.2262849804719735,19.70525333601406,1.3778898014023138
2024-06-23 08:22:42,421.07,347.23,418.70016555207013,350.34468168430146,384.5224236181858,68.35548386776867,1.59,17.93,19.52,16.34,-0.12414120606194956,-0.3952862646460744,19.69889364340636,0.9191762361626795
2024-06-23 08:22:43,417.11,343.27,418.30262416405265,348.57601126322606,383.43931771363935,69.72661290082658,1.59,17.93,19.52,16.34,-1.0831059045464713,-0.9589646984845217,19.64340666343405,0.6792427109143924
2024-06-23 08:22:44,417.11,357.77,418.0044681230395,350.87450844741954,384.4394882852295,67.12995967561994,1.59,17.93,19.52,16.34,1.0001705715901608,2.083276476136632,19.69464490730454,0.48330098089294565
2024-06-23 08:22:45,419.75,348.54,418.4408510922796,350.2908813355647,384.3658662139221,68.14996975671494,1.59,17.93,19.52,16.34,-0.07362207130739762,-1.0737926428975584,19.690873284992254,0.4828710709711074
2024-06-23 08:22:46,417.11,345.91,418.10813831920973,349.1956610016735,383.6518996604416,68.91247731753623,1.59,17.9,19.49,16.31,-0.7139665534805317,-0.6403444821731341,19.684550024417216,0.5000903679411597
2024-06-23 08:22:47,418.43,340.63,418.1886037394073,347.05424575125517,382.62142474533124,71.13435798815215,1.67,17.9,19.57,16.229999999999997,-1.0304749151103465,-0.31650836162981477,19.551425916908805,0.7456120707556293
2024-06-23 08:22:48,417.11,356.45,417.9189528045555,349.4031843134414,383.6610685589984,68.5157684911141,1.67,17.95,19.619999999999997,16.28,1.039643813667169,2.0701187287775156,19.554589653639592,0.7324409275270215
2024-06-23 08:22:49,417.11,351.18,417.7167146034167,349.84738823508104,383.7820514192489,67.86932636833563,1.67,17.93,19.6,16.259999999999998,0.12098286025047855,-0.9186609534166905,19.580715910129232,0.6289616925237098
2024-06-23 08:22:50,419.75,345.91,418.2250359525625,348.8630411763108,383.5440385644366,69.36199477625172,1.67,17.93,19.6,16.259999999999998,-0.23801285481226842,-0.35899571506274697,19.568572397748174,0.47194538357063437
2024-06-23 08:22:51,417.11,340.63,417.94627696442194,346.8047808822331,382.3755289233275,71.14149608218884,1.67,17.93,19.6,16.259999999999998,-1.1685096411090967,-0.9304967862968283,19.5089545619578,0.6488801895885099
2024-06-23 08:22:52,418.43,352.5,418.06720772331647,348.22858566167486,383.1478966924957,69.83862206164162,1.67,17.95,19.619999999999997,16.28,0.7723677691681701,1.9408774102772668,19.528434106221287,0.5701005786002438
2024-06-23 08:22:53,415.79,349.86,417.49790579248736,348.63643924625615,383.06717251937175,68.86146654623121,1.67,17.95,19.619999999999997,16.28,-0.08072417312394009,-0.8530919422921102,19.524319724518453,0.5375566633089214
2024-06-23 08:22:54,419.75,341.95,418.0609293443655,346.96482943469215,382.51287938952885,71.09609990967334,1.67,17.93,19.6,16.259999999999998,-0.5542931298429039,-0.4735689567189638,19.515962238447273,0.48082355699559587
2024-06-23 08:22:55,415.79,340.63,417.49319700827414,345.3811220760191,381.4371595421466,72.11207493225504,1.67,17.93,19.6,16.259999999999998,-1.0757198473822314,-0.5214267175393275,19.461078575564695,0.6867338063375523
2024-06-23 08:22:56,419.75,356.45,418.0573977562056,348.14834155701436,383.10286965661,69.90905619919124,1.73,17.95,19.68,16.22,1.6657101144633657,2.741429961845597,19.466608241361875,0.7274517769129752
2024-06-23 08:22:57,422.39,351.18,419.1405483171542,348.9062561677608,384.02340224245745,70.23429214939341,1.73,17.95,19.68,16.22,0.920532585847468,-0.7451775286158977,19.513383268753767,0.9480874293804964
2024-06-23 08:22:58,422.39,344.59,419.9529112378656,347.82719212582055,383.89005168184303,72.12571911204503,1.73,17.95,19.68,16.22,-0.1333505606144172,-1.0538831464618852,19.506607325977424,1.0641495198260464
2024-06-23 08:22:59,418.43,336.68,419.5721834283992,345.0403940943654,382.30628876138235,74.53178933403382,1.73,17.93,19.66,16.2,-1.5837629204606856,-1.4504123598462684,19.44589365795975,1.0911335828203537
2024-06-23 08:23:00,418.43,353.82,419.2866375712994,347.23529557077404,383.26096657103676,72.05134200052538,1.73,17.98,19.71,16.25,0.9546778096544131,2.5384407301150986,19.444999854187564,0.688825215726154
2024-06-23 08:23:01,421.07,348.54,419.73247817847454,347.5614716780805,383.64697492827753,72.17100650039401,1.73,17.98,19.71,16.25,0.3860083572407689,-0.5686694524136442,19.464584244733295,0.6895744230284685
2024-06-23 08:23:02,421.07,345.91,420.0668586338559,347.1486037585604,383.60773119620814,72.91825487529547,1.73,17.98,19.71,16.25,-0.039243732069394355,-0.42525208931016323,19.462593187905373,0.6211374238697773
2024-06-23 08:23:03,415.79,338.0,418.9976439753919,344.86145281892027,381.92954839715605,74.13619115647163,1.73,17.95,19.68,16.22,-1.678182799052081,-1.6389390669826867,19.406988261695517,0.7859341196833933
2024-06-23 08:23:04,419.75,359.09,419.18573298154394,348.4185896141902,383.8021612978671,70.76714336735375,1.73,18.01,19.740000000000002,16.28,1.872612900711033,3.550795699763114,19.442864329027493,0.7638969387322152
2024-06-23 08:23:05,419.75,353.82,419.32679973615797,349.7689422106426,384.5478709734003,69.55785752551537,1.73,17.98,19.71,16.25,0.7457096755331918,-1.1269032251778413,19.510291804318033,0.960289772284849
2024-06-23 08:23:06,423.71,347.23,420.4225998021185,349.13420665798196,384.77840323005023,71.28839314413653,1.79,17.98,19.77,16.19,0.23053225664995125,-0.5151774188832405,19.462740706490113,1.1213603074524496
2024-06-23 08:23:07,422.39,343.27,420.91444985158887,347.6681549934865,384.2913024225377,73.24629485810237,1.79,17.98,19.77,16.19,-0.48710080751254736,-0.7176330641624986,19.438102325970426,1.1436952857704794
2024-06-23 08:23:08,430.3,353.82,423.26083738869164,349.20611624511486,386.23347681690325,74.05472114357678,2.15,18.04,20.189999999999998,15.889999999999999,1.9421743943655656,2.429275201878113,19.129938468893748,0.9150538985058185
2024-06-23 08:23:09,423.71,351.18,423.3731280415187,349.6995871838362,386.5363576126774,73.67354085768255,2.18,18.04,20.22,15.86,0.30288079577417193,-1.6392935985913937,19.116535039374003,1.0310984344213676
2024-06-23 08:23:10,425.03,414.42,423.78734603113907,365.87969038787713,394.8335182095081,57.90765564326193,2.18,18.82,21.0,16.64,8.297160596830679,7.994279801056507,18.80159520990061,4.297651671469539
2024-06-23 08:23:11,422.39,386.76,423.43800952335425,371.09976779090783,397.268888657131,52.33824173244642,2.18,19.72,21.9,17.54,2.4353704476229154,-5.8617901492077635,18.140131073835615,5.805868847043384
2024-06-23 08:23:12,423.71,380.17,423.5060071425157,373.3673258431809,398.4366664928483,50.13868129933485,2.18,20.65,22.83,18.47,1.1677778357172883,-1.267592611905627,17.4523280350644,5.876544313442155
2024-06-23 08:23:13,423.71,403.88,423.5570053568868,380.9954943823857,402.2762498696362,42.56151097450112,2.18,21.55,23.73,19.37,3.839583376787914,2.6718055410706256,16.95222220469507,5.86889848915711
2024-06-23 08:23:14,444.81,444.7,428.8702540176651,396.9216207867893,412.8959374022272,31.948633230875828,2.24,22.44,24.68,20.200000000000003,10.619687532591001,6.7801041558030875,16.729980578292004,7.098562006922463
2024-06-23 08:23:15,488.31,457.86,443.73019051324883,412.15621559009196,427.94320305167037,31.573974923156868,3.11,23.34,26.45,20.23,15.047265649443148,4.427578116852146,16.1793265358164,12.85300481471378
2024-06-23 08:23:16,476.45,447.33,451.91014288493665,420.94966169256895,436.4299022887528,30.960481192367695,3.98,24.27,28.25,20.29,8.486699237082462,-6.560566412360686,15.448845551855124,16.32217598074508
2024-06-23 08:23:17,480.41,423.64,459.0351071637025,421.6222462694267,440.3286767165646,37.41286089427581,4.79,25.14,29.93,20.35,3.898774427811759,-4.587924809270703,14.71194995003724,16.06156400918308
2024-06-23 08:23:18,496.22,449.96,468.3313303727769,428.70668470207,448.5190075374235,39.62464567070691,5.63,26.04,31.669999999999998,20.41,8.19033082085889,4.291556393047131,14.16226692059225,13.562894598384856
2024-06-23 08:23:19,515.98,488.12,480.2434977795827,443.56001352655244,461.90175565306754,36.68348425303026,6.45,26.93,33.38,20.48,13.382748115644063,5.192417294785173,13.83767950315722,12.891296422993259
2024-06-23 08:23:20,539.69,515.73,495.10512333468705,461.60251014491433,478.35381673980066,33.50261318977272,7.26,27.83,35.089999999999996,20.57,16.452061086733124,3.0693129710890616,13.632197295742476,17.15524912858527
2024-06-23 08:23:21,550.22,519.67,508.8838425010153,476.1193826086858,492.50161255485057,32.76445989232951,8.05,28.7,36.75,20.65,14.147795815049903,-2.304265271683221,13.401404058597185,21.343934472995958
2024-06-23 08:23:22,537.05,496.01,515.9253818757614,481.09203695651433,498.5087094161379,34.83334491924711,8.83,29.57,38.4,20.740000000000002,6.007096861287323,-8.14069895376258,12.981997302972413,20.847313116385447
2024-06-23 08:23:23,542.32,489.43,522.5240364068211,483.1765277173858,502.8502820621035,39.3475086894353,9.62,30.44,40.06,20.82,4.341572645965584,-1.6655242153217387,12.552428095598486,16.721779959248178
2024-06-23 08:23:24,555.48,528.88,530.7630273051159,494.6023957880393,512.6827115465776,36.16063151707658,10.4,31.34,41.74,20.939999999999998,9.832429484474119,5.490856838508535,12.282767112213955,12.751107492969739
2024-06-23 08:23:25,580.49,569.61,543.194770478837,513.3542968410295,528.2745336599332,29.840473637807463,11.19,32.21,43.4,21.020000000000003,15.591822113355647,5.759392628881528,12.172223997412656,14.003729596453848
2024-06-23 08:23:26,600.23,580.12,557.4535778591278,530.0457226307722,543.74965024495,27.40785522835563,11.95,33.05,45.0,21.099999999999998,15.475116585016735,-0.11670552833891179,12.083325292480549,18.729742385143215
2024-06-23 08:23:27,589.7,553.84,565.5151833943459,535.9942919730792,550.7547376837125,29.520891421266697,12.68,33.92,46.6,21.240000000000002,7.00508743876253,-8.470029146254205,11.81877094130776,20.201872750340232
2024-06-23 08:23:28,585.75,536.76,570.5738875457594,536.1857189798093,553.3798032627843,34.38816856595008,13.43,34.77,48.2,21.340000000000003,2.6250655790718156,-4.380021859690714,11.480908543192443,17.084799501038177
2024-06-23 08:23:29,600.23,584.06,577.9879156593195,548.154289234857,563.0711024470882,29.833626424462523,14.16,35.64,49.8,21.48,9.69129918430383,7.066233605232014,11.306648416474694,12.949033303666482
2024-06-23 08:23:30,633.1,618.19,591.7659367444896,565.6632169261427,578.7145768353162,26.10271981834694,14.89,36.48,51.37,21.589999999999996,15.643474388228015,5.952175203924185,11.26561350145421,13.52498140902108
2024-06-23 08:23:31,651.5,640.5,606.6994525583673,584.372412694607,595.5359326264871,22.32703986376032,15.62,37.32,52.94,21.700000000000003,16.82135579117096,1.177881402942944,11.249261831832742,18.761988981860057
2024-06-23 08:23:32,644.93,601.12,616.2570894187754,588.5593095209553,602.4081994698654,27.69777989782017,16.33,38.16,54.489999999999995,21.83,6.87226684337827,-9.949088947792688,11.05538976719537,20.80187421469069
2024-06-23 08:23:33,637.05,591.93,621.4553170640816,589.4019821407164,605.428649602399,32.05333492336513,17.03,38.98,56.01,21.949999999999996,3.020450132533597,-3.8518167108446733,10.8092954614016,17.821976546451285
2024-06-23 08:23:34,646.25,635.25,627.6539877980612,600.8639866055373,614.2589872017993,26.790001192523846,17.73,39.82,57.55,22.09,8.830337599400309,5.809887466866712,10.67348351917143,13.3127352198125
2024-06-23 08:23:35,679.1,661.49,640.5154908485458,616.0204899541529,628.2679904013494,24.495000894392888,18.43,40.66,59.089999999999996,22.229999999999997,14.00900319955008,5.17866560014977,10.632390925181223,12.611879075541575
2024-06-23 08:23:36,704.06,666.73,656.4016181364093,628.6978674656148,642.549742801012,27.703750670794534,19.1,41.47,60.57,22.369999999999997,14.28175239966265,0.2727492001125711,10.608382568806826,16.744864827803973
2024-06-23 08:23:37,681.73,652.3,662.733713602307,634.5984005992111,648.6660571007591,28.135313003095916,19.78,42.29,62.07,22.509999999999998,6.116314299747046,-8.165438099915605,10.450556575643668,18.282482978290407
2024-06-23 08:23:38,679.1,654.93,666.8252852017303,639.6813004494084,653.2532928255694,27.1439847523219,20.45,43.1,63.55,22.650000000000002,4.587235724810284,-1.5290785749367615,10.27935928475547,15.997428359541138
2024-06-23 08:23:39,692.24,692.95,673.1789639012977,652.9984753370563,663.088719619177,20.180488564241386,21.12,43.92,65.04,22.8,9.835426793607667,5.248191068797382,10.195090858303907,12.954563859066507
2024-06-23 08:23:40,722.44,715.24,685.4942229259733,668.5588565027922,677.0265397143828,16.935366423181108,21.77,44.73,66.5,22.959999999999997,13.93782009520578,4.102393301598113,10.180850068173426,13.512980786134808
2024-06-23 08:23:41,729.0,708.68,696.37066719448,678.5891423770942,687.4799047857871,17.781524817385844,22.42,45.54,67.96000000000001,23.119999999999997,10.453365071404278,-3.4844550238015017,10.115949009267775,16.235327391500665
2024-06-23 08:23:42,709.31,674.6,699.60550039586,677.5918567828206,688.5986785893404,22.013643613039335,23.06,46.33,69.39,23.27,1.1187738035532675,-9.33459126785101,9.92360093191727,15.43866864837898
2024-06-23 08:23:43,719.81,712.61,704.656625296895,686.3463925871155,695.5015089420052,18.310232709779484,23.68,47.14,70.82,23.46,6.902830352664864,5.784056549111597,9.820693294568088,12.625961831755712
2024-06-23 08:23:44,753.94,757.15,716.9774689726712,704.0472944403366,710.5123817065039,12.930174532334604,24.32,47.93,72.25,23.61,15.010872764498686,8.108042411833821,9.834081271590625,12.359392935818176
2024-06-23 08:23:45,781.49,771.56,733.1056017295034,720.9254708302525,727.015536279878,12.180130899250912,24.94,48.71,73.65,23.77,16.503154573374104,1.4922818088754184,9.871222354496343,16.813220506308515
2024-06-23 08:23:46,761.81,736.2,740.2817012971276,724.7441031226895,732.5129022099086,15.53759817443813,25.56,49.53,75.09,23.970000000000002,5.497365930030583,-11.005788643343521,9.755132407175072,19.114228913940597
2024-06-23 08:23:47,751.31,730.96,743.0387759728457,726.2980773420171,734.6684266574314,16.740698630828547,26.15,50.31,76.46000000000001,24.160000000000004,2.1555244475227937,-3.341841482507789,9.608532789025615,16.666848029945548
2024-06-23 08:23:48,769.68,780.72,749.6990819796342,739.9035580065129,744.8013199930735,9.795523973121362,26.77,51.1,77.87,24.330000000000002,10.132893335642166,7.977368888119372,9.564675875541257,12.607679604076862
2024-06-23 08:23:49,805.09,808.2,763.5468114847257,756.9776685048846,760.2622399948052,6.569142979841104,27.36,51.91,79.27,24.549999999999997,15.460920001731665,5.3280266660894995,9.590793874151778,13.101338240906571
2024-06-23 08:23:50,805.09,754.53,773.9326086135443,756.3657513786634,765.1491799961038,17.5668572348809,27.95,52.11,80.06,24.16,4.886940001298626,-10.573980000433039,9.557196732936637,14.755603413046755
2024-06-23 08:23:51,778.86,747.99,775.1644564601582,754.2718135339976,764.7181349970779,20.892642926160647,28.53,52.08,80.61,23.549999999999997,-0.43104499902597126,-5.317985000324597,9.486640931775673,13.571031759654037
2024-06-23 08:23:52,780.17,740.13,776.4158423451187,750.7363601504983,763.5761012478085,25.67948219462039,29.12,52.08,81.2,22.959999999999997,-1.1420337492693307,-0.7109887502433594,9.403646451282784,8.54672704004323
2024-06-23 08:23:53,820.82,728.34,787.5168817588391,745.1372701128737,766.3270759358563,42.37961164596538,29.71,52.05,81.75999999999999,22.339999999999996,2.7509746880477906,3.893008437317121,9.372884865006991,2.313111577354191
2024-06-23 08:23:54,839.17,725.72,800.4301613191293,740.2829525846553,770.3565569518923,60.14720873447402,30.3,52.05,82.35,21.749999999999996,4.029481016036016,1.2785063279882252,9.35466360166641,2.613699321421793
2024-06-23 08:23:55,801.16,721.79,800.612620989347,735.6597144384914,768.1361677139191,64.95290655085557,30.86,52.03,82.89,21.17,-2.2203892379732224,-6.249870254009238,9.26693399019164,2.7031831973640155
2024-06-23 08:23:56,797.22,716.55,799.7644657420103,730.8822858288686,765.3233757854395,68.88217991314173,31.45,52.03,83.48,20.580000000000002,-2.812791928479669,-0.5924026905064466,9.167745167916797,2.6084612277777706
2024-06-23 08:23:57,831.3,809.51,807.6483493065077,750.5392143716515,779.0937818390796,57.10913493485623,32.01,52.25,84.25999999999999,20.240000000000002,13.770406053640158,16.583197982119827,9.246306344561754,5.512318261442096
2024-06-23 08:23:58,852.27,853.98,818.8037619798807,776.3994107787386,797.6015863793097,42.40435120114216,32.58,53.04,85.62,20.46,18.50780454023004,4.737398486589882,9.315598891190268,13.075036447456416
2024-06-23 08:23:59,831.3,822.59,821.9278214849105,787.947058084054,804.9374397844822,33.98076340085652,33.14,53.82,86.96000000000001,20.68,7.335853405172543,-11.171951135057498,9.25641019466504,17.628889482191756
2024-06-23 08:24:00,826.06,814.74,822.9608661136829,794.6452935630405,808.8030798383617,28.3155725506424,33.73,54.61,88.34,20.880000000000003,3.865640053879474,-3.4702133512930686,9.155570191111517,18.410014855369475
2024-06-23 08:24:01,848.34,861.82,829.3056495852622,811.4389701722804,820.3723098787714,17.866679412981853,34.26,55.39,89.65,21.130000000000003,11.569230040409707,7.703589986530233,9.150834363947986,15.300020050300663
2024-06-23 08:24:02,883.7,895.8,842.9042371889466,832.5292276292103,837.7167324090784,10.375009559736327,34.82,56.18,91.0,21.36,17.344422530307043,5.775192489897336,9.205678276960441,15.661026123802182
2024-06-23 08:24:03,864.06,872.28,848.19317789171,842.4669207219076,845.3300493068089,5.726257169802352,35.35,56.97,92.32,21.619999999999997,7.613316897730442,-9.7311056325766,9.1565212321305,17.670553964928878
2024-06-23 08:24:04,853.58,853.98,849.5398834187824,845.3451905414307,847.4425369801065,4.194692877351713,35.92,57.75,93.67,21.83,2.1124876732976645,-5.500829224432778,9.047107162730857,16.74903721703671
2024-06-23 08:24:05,877.15,901.03,856.4424125640868,859.266392906073,857.8544027350799,2.8239803419861573,36.45,58.54,94.99000000000001,22.089999999999996,10.411865754973405,8.29937808167574,9.03099688076727,13.944946838965286
2024-06-23 08:24:06,877.15,925.85,861.6193094230651,875.9122946795547,868.76580205131,14.292985256489601,36.73,59.32,96.05,22.590000000000003,10.911399316230018,0.4995335612566123,9.044932774662959,12.07234052916289
2024-06-23 08:24:07,874.53,912.79,864.8469820672988,885.1317210096661,874.9893515384824,20.284738942367312,36.73,60.08,96.81,23.35,6.223549487172477,-4.687849829057541,9.038212400581243,12.968315226723064
2024-06-23 08:24:08,912.5,891.88,876.760236550474,886.8187907572496,881.7895136538618,10.058554206775625,36.98,60.84,97.82,23.860000000000007,6.800162115379408,0.5766126282069308,9.014409166218082,13.67804236336402
2024-06-23 08:24:09,886.32,881.43,879.1501774128556,885.4715930679372,882.3108852403964,6.321415655081637,37.49,60.84,98.33000000000001,23.35,0.5213715865345421,-6.2787905288448655,8.972957147029788,10.187276319884823
2024-06-23 08:24:10,896.79,873.59,883.5601330596417,882.5011948009529,883.0306639302974,1.0589382586887268,38.02,60.81,98.83000000000001,22.79,0.719778689900977,0.19840710336643497,8.934844227415288,6.173108310946149
2024-06-23 08:24:11,920.35,863.13,892.7575997947312,877.6583961007148,885.207997947723,15.09920369401641,38.53,60.81,99.34,22.28,2.1773340174256646,1.4575553275246875,8.91089177609051,3.8476027860778683
2024-06-23 08:24:12,925.59,855.29,900.9656998460484,872.0662970755361,886.5159984607923,28.899402770512324,39.06,60.78,99.84,21.72,1.3080005130692598,-0.8693335043564048,8.879366882826776,2.012852478241528
2024-06-23 08:24:13,907.26,846.14,902.5392748845363,865.584722806652,884.0619988455942,36.95455207788427,39.56,60.78,100.34,21.22,-2.453999615198086,-3.7620001282673456,8.810663643959842,1.6831370230181477
2024-06-23 08:24:14,908.57,844.83,904.0469561634023,860.396042104989,882.2214991341957,43.65091405841338,40.07,60.76,100.83,20.689999999999998,-1.8404997113984791,0.6134999037996067,8.749593279625136,1.708835448387115
2024-06-23 08:24:15,945.21,836.98,914.3377171225518,854.5420315787418,884.4398743506467,59.79568554381001,40.58,60.73,101.31,20.15,2.2183752164510224,4.0588749278495015,8.730035195149656,1.5773381990718016
2024-06-23 08:24:16,934.74,830.44,919.4382878419137,848.5165236840563,883.977405762985,70.92176415785741,41.11,60.73,101.84,19.619999999999997,-0.46246858766176047,-2.680843804112783,8.680060851167754,1.5325671557187008
2024-06-23 08:24:17,913.81,904.95,918.0312158814353,862.6248927630422,890.3280543222388,55.40632311839306,41.61,61.15,102.75999999999999,19.54,6.350648559253841,6.8131171469156016,8.664149918821419,3.0962618405612345
2024-06-23 08:24:18,924.28,937.6,919.5934119110764,881.3686695722816,900.481040741679,38.22474233879473,42.12,61.91,104.03,19.79,10.15298641944014,3.8023378601862987,8.655974546627938,7.4669903275642975
2024-06-23 08:24:19,967.44,983.28,931.5550589333074,906.8465021792113,919.2007805562594,24.708556754096094,42.62,62.69,105.31,20.07,18.719739814580407,8.566753395140267,8.728523139566388,14.73271378360015
2024-06-23 08:24:20,958.29,991.11,938.2387941999805,927.9123766344085,933.0755854171945,10.326417565572001,43.13,63.45,106.58000000000001,20.32,13.874804860935114,-4.844934953645293,8.754696722297783,20.412533112283395
2024-06-23 08:24:21,934.74,951.96,937.3640956499853,933.9242824758064,935.6441890628959,3.43981317417888,43.61,64.21,107.82,20.599999999999994,2.568603645701387,-11.306201215233727,8.677835099100916,19.920334529170997
2024-06-23 08:24:22,960.9,984.58,943.248071737489,946.5882118568547,944.9181417971719,3.340140119365742,44.11,64.97,109.08,20.86,9.273952734276008,6.705349088574621,8.662615815314963,17.29315555278744
2024-06-23 08:24:23,990.97,1022.41,955.1785538031168,965.543658892641,960.3611063478788,10.365105089524263,44.62,65.75,110.37,21.130000000000003,15.44296455070696,6.169011816430952,8.701287466219004,15.240098185330497
2024-06-23 08:24:24,984.44,1019.8,962.4939153523376,979.1077441694808,970.8008297609092,16.613828817143258,45.09,66.51,111.60000000000001,21.42,10.439723413030379,-5.003241137676582,8.69893208836897,16.224742955418506
2024-06-23 08:24:25,972.67,987.19,965.0379365142533,981.1283081271107,973.0831223206819,16.09037161285744,45.6,67.27,112.87,21.669999999999995,2.2822925597727135,-8.157430853257665,8.621273267470619,16.297709196303895
2024-06-23 08:24:26,993.59,1010.67,972.1759523856899,988.513731095333,980.3448417405115,16.33777870964309,46.08,68.02,114.1,21.939999999999998,7.2617194198295465,4.979426860056833,8.591979256341212,13.740328736283002
2024-06-23 08:24:27,1030.17,1056.3,986.6744642892675,1005.4602983214997,996.0673813053836,18.785834032232287,46.55,68.78,115.33,22.230000000000004,15.722539564872136,8.46082014504259,8.636671921171523,13.24391916739524
2024-06-23 08:24:28,1002.74,1048.48,990.6908482169506,1016.2152237411248,1003.4530359790376,25.52437552417416,46.86,69.54,116.4,22.680000000000007,7.385654673654017,-8.33688489121812,8.62073047558683,14.38738578367251
2024-06-23 08:24:29,996.2,1013.28,992.068136162713,1015.4814178058436,1003.7747769842783,23.41328164313063,46.86,69.88,116.74,23.019999999999996,0.32174100524071036,-7.063913668413306,8.598379033629428,13.94546910084145
2024-06-23 08:24:30,997.51,998.93,993.4286021220348,1011.3435633543827,1002.3860827382088,17.914961232347878,47.03,69.85,116.88,22.819999999999993,-1.3886942460695764,-1.7104352513102867,8.57619844423349,9.932304039546272
2024-06-23 08:24:31,1001.43,993.72,995.428951591526,1006.937672515787,1001.1833120536564,11.508720924260956,47.54,69.85,117.38999999999999,22.309999999999995,-1.2027706845523198,0.18592356151725653,8.528693274767555,3.134764353379979
2024-06-23 08:24:32,1048.46,987.19,1008.6867136936445,1002.0007543868402,1005.3437340402423,6.685959306804307,48.01,69.82,117.82999999999998,21.809999999999995,4.160421986585902,5.363192671138222,8.532154167088928,1.5584856500717763
2024-06-23 08:24:33,1021.03,976.76,1011.7725352702334,995.6905657901302,1003.7315505301818,16.081969480103226,48.52,69.79,118.31,21.270000000000003,-1.612183510060504,-5.772605496646406,8.483911267401492,1.573436766919145
2024-06-23 08:24:34,1011.88,971.54,1011.799401452675,989.6529243425977,1000.7261628976364,22.1464771100774,49.0,69.79,118.79,20.790000000000006,-3.005387632545421,-1.3932041224849172,8.424329947582342,1.8937402875159166
2024-06-23 08:24:35,1043.23,963.71,1019.6570510895064,983.1671932569483,1001.4121221732273,36.48985783255807,49.47,69.76,119.23,20.290000000000006,0.6859592755909034,3.6913469081363246,8.398994496135476,1.9789553242216111
2024-06-23 08:24:36,1058.9,957.18,1029.4677883171298,976.6703949427111,1003.0690916299204,52.797393374418675,49.95,69.74,119.69,19.789999999999992,1.6569694566931048,0.9710101811022014,8.380558803988317,1.8453864955378267
2024-06-23 08:24:37,1019.72,954.57,1027.0308412378474,971.1452962070334,999.0880687224404,55.885545030814,50.43,69.74,120.16999999999999,19.309999999999995,-3.9810229074799963,-5.637992364173101,8.313955732782597,1.858109269137199
2024-06-23 08:24:38,1032.79,1034.14,1028.4706309283856,986.8939721552752,1007.6823015418304,41.576658773110466,50.9,70.02,120.91999999999999,19.119999999999997,8.594232819389958,12.575255726869955,8.333462563747668,3.2824082690894776
2024-06-23 08:24:39,1065.43,1048.48,1037.7104731962893,1002.2904791164564,1020.0004761563728,35.41999407983292,51.38,70.75,122.13,19.369999999999997,12.318174614542386,3.7239417951524274,8.3517601556097,8.305774812339365
2024-06-23 08:24:40,1054.99,1103.19,1042.030354897217,1027.5153593373423,1034.7728571172797,14.514995559874706,51.86,71.48,123.34,19.620000000000005,14.772380960906958,2.454206346364572,8.389596633109154,14.521334974493158
2024-06-23 08:24:41,1038.01,1117.51,1041.0252661729128,1050.0140195030067,1045.5196428379597,8.988753330093914,52.34,72.21,124.55,19.86999999999999,10.746785720680009,-4.025595240226949,8.394376832144383,19.02988354449533
2024-06-23 08:24:42,1061.52,1075.84,1046.1489496296845,1056.470514627255,1051.3097321284697,10.321564997570476,52.81,72.91,125.72,20.099999999999994,5.790089290509968,-4.956696430170041,8.36231087946356,18.017852414371056
2024-06-23 08:24:43,1098.06,1097.98,1059.1267122222634,1066.8478859704412,1062.9872990963522,7.721173748177762,53.32,73.64,126.96000000000001,20.32,11.677566967882512,5.887477677372544,8.372615711434598,16.367060911267536
2024-06-23 08:24:44,1065.43,1139.64,1060.7025341666977,1085.045914477831,1072.8742243222644,24.343380311133387,53.82,74.37,128.19,20.550000000000004,9.886925225912137,-1.7906417419703757,8.369406474396271,14.870763294391082
2024-06-23 08:24:45,1073.26,1131.83,1063.8419006250233,1096.7419358583734,1080.2919182416983,32.90003523335008,54.33,75.07,129.39999999999998,20.739999999999995,7.417693919433987,-2.46923130647815,8.348469164553551,14.473444194658589
2024-06-23 08:24:46,1112.41,1101.89,1075.9839254687674,1098.02895189378,1087.0064386812737,22.045026425012566,54.83,75.77,130.6,20.939999999999998,6.714520439575381,-0.7031734798586058,8.3231732799242,14.12367076147164
2024-06-23 08:24:47,1113.72,1139.64,1085.4179441015756,1108.4317139203351,1096.9248290109554,23.013769818759556,55.31,76.5,131.81,21.189999999999998,9.918390329681642,3.2038698901062617,8.322015178582355,12.998389056092218
2024-06-23 08:24:48,1100.67,1181.26,1089.2309580761817,1126.6387854402515,1107.9348717582166,37.40782736406982,55.82,77.2,133.02,21.380000000000003,11.010042747261195,1.091652417579553,8.329084825057372,13.79472445153413
2024-06-23 08:24:49,1121.54,1150.05,1097.3082185571361,1132.4915890801885,1114.8999038186623,35.18337052305242,56.32,77.9,134.22,21.580000000000005,6.965032060445765,-4.045010686815431,8.30651091873157,14.301816759760953
2024-06-23 08:24:50,1121.54,1144.84,1103.3661639178522,1135.5786918101414,1119.472427863997,32.212527892289245,56.71,78.61,135.32,21.9,4.572524045334603,-2.3925080151111615,8.272778743653697,13.27349435356392
2024-06-23 08:24:51,1115.02,1144.84,1106.2796229383891,1137.8940188576062,1122.0868208979978,31.61439591921703,56.71,79.11,135.82,22.4,2.614393034000841,-1.9581310113337622,8.261572762747939,10.11717289199522
2024-06-23 08:24:52,1138.49,1137.03,1114.3322172037917,1137.6780141432046,1126.005115673498,23.34579693941282,56.8,79.08,135.88,22.28,3.9182947755002715,1.3039017414994305,8.28676116710875,6.961278009793334
2024-06-23 08:24:53,1120.24,1126.62,1115.8091629028438,1134.9135106074034,1125.3613367551236,19.104347704559586,57.28,79.08,136.36,21.799999999999997,-0.6437789183744371,-4.562073693874709,8.252869818878365,4.560741775683135
2024-06-23 08:24:54,1131.97,1120.11,1119.8493721771329,1131.2126329555524,1125.5310025663425,11.363260778419544,57.75,79.06,136.81,21.310000000000002,0.16966581121891977,0.8134447295933569,8.226964361811111,2.824026670627492
2024-06-23 08:24:55,1167.17,1112.3,1131.6795291328497,1126.4844747166644,1129.0820019247572,5.195054416185258,58.23,79.03,137.26,20.800000000000004,3.5509993584146287,3.381333547195709,8.225863279170143,2.484538475976023
2024-06-23 08:24:56,1138.49,1104.49,1133.3821468496371,1120.9858560374983,1127.1840014435677,12.396290812138886,58.71,79.03,137.74,20.32,-1.898000481189456,-5.448999839604085,8.183417985045374,1.5432900748760094
2024-06-23 08:24:57,1126.76,1097.98,1131.726610137228,1115.2343920281237,1123.4805010826758,16.492218109104215,59.21,79.0,138.21,19.79,-3.703500360891894,-1.8054998797024382,8.128793089891344,2.1091879441655212
2024-06-23 08:24:58,1172.39,1091.47,1141.892457602921,1109.2932940210928,1125.592875812007,32.59916358182818,59.69,78.97,138.66,19.28,2.1123747293311226,5.815875090223017,8.117646528878987,2.090613876266029
2024-06-23 08:24:59,1173.69,1086.26,1149.8418432021908,1103.5349705158196,1126.6884068590052,46.30687268637121,60.17,78.97,139.14,18.799999999999997,1.0955310469983033,-1.0168436823328193,8.097516161862076,2.065535043322838
2024-06-23 08:25:00,1146.32,1074.54,1148.961382401643,1096.2862278868647,1122.6238051442538,52.67515451477834,60.64,78.94,139.57999999999998,18.299999999999997,-4.064601714751461,-5.1601327617497645,8.04287001792079,1.9913798027098626
2024-06-23 08:25:01,1156.75,1075.84,1150.9085368012322,1091.1746709151485,1121.0416038581902,59.73386588608378,61.12,78.91,140.03,17.79,-1.5822012860635368,2.4824004286879244,8.005724457990901,2.2701906473086817
2024-06-23 08:25:02,1184.11,1127.92,1159.2089026009241,1100.3610031863614,1129.7849528936426,58.84789941456279,61.6,79.0,140.6,17.4,8.743349035452411,10.325550321515948,8.035454799844864,3.438972771631672
2024-06-23 08:25:03,1151.53,1220.26,1157.289176950693,1130.335752389771,1143.812464670232,26.95342456092203,62.07,79.7,141.77,17.630000000000003,14.027511776589336,5.2841627411369245,8.068085325542404,9.071117230290222
2024-06-23 08:25:04,1161.96,1183.86,1158.4568827130197,1143.716814292328,1151.086848502674,14.740068420691614,62.55,80.37,142.92000000000002,17.820000000000007,7.274383832442027,-6.753127944147309,8.054064094938497,13.255231064125296
2024-06-23 08:25:05,1199.75,1231.96,1168.7801620347648,1165.777610719246,1167.2788863770054,3.002551315518758,63.0,81.08,144.07999999999998,18.08,16.19203787433139,8.917654041889364,8.101602431117456,18.107553485440068
2024-06-23 08:25:06,1184.11,1263.13,1172.6126215260736,1190.1157080394346,1181.364164782754,17.50308651336104,63.48,81.78,145.26,18.300000000000004,14.085278405748568,-2.1067594685828226,8.132756138303717,20.13425541080074
2024-06-23 08:25:07,1171.08,1237.16,1172.229466144555,1201.876781029576,1187.0531235870656,29.647314885020933,63.95,82.45,146.4,18.5,5.688958804311596,-8.396319601436971,8.108286307915158,18.678497082387796
2024-06-23 08:25:08,1203.65,1225.46,1180.0845996084163,1207.772585772182,1193.9285926902992,27.6879861637658,64.4,83.15,147.55,18.75,6.875469103233627,1.1865102989220304,8.091688136893332,17.095334901702362
2024-06-23 08:25:09,1194.54,1235.86,1183.6984497063122,1214.7944393291366,1199.2464445177243,31.09598962282439,64.8,83.83,148.63,19.03,5.317851827425102,-1.557617275808525,8.068670096542112,12.360786530945617
2024-06-23 08:25:10,1191.93,1220.26,1185.7563372797342,1216.1608294968526,1200.9585833882934,30.40449221711833,64.8,83.83,148.63,19.03,1.712138870569106,-3.605712956855996,8.080189566763801,8.257993005866282
2024-06-23 08:25:11,1190.63,1204.67,1186.9747529598008,1213.2881221226394,1200.13143754122,26.313369162838626,64.8,83.8,148.6,19.0,-0.8271458470733251,-2.539284717642431,8.076254572442569,5.834927860740491
2024-06-23 08:25:12,1188.02,1202.07,1187.2360647198507,1210.4835915919796,1198.8598281559152,23.2475268721289,64.8,83.77,148.57,18.97,-1.2716093853048278,-0.44446353823150275,8.069326378721067,2.7482969572919598
2024-06-23 08:25:13,1186.72,1190.37,1187.107048539888,1205.4551936939847,1196.2811211169364,18.348145154096756,64.8,83.77,148.57,18.97,-2.5787070389787914,-1.3070976536739636,8.05196952995199,1.7708260968563692
2024-06-23 08:25:14,1180.21,1177.36,1185.382786404916,1198.4313952704886,1191.9070908377023,13.048608865572533,64.8,83.74,148.54,18.939999999999998,-4.374030279234148,-1.7953232402553567,8.024148935058257,3.6544585594359185
2024-06-23 08:25:15,1178.9,1176.06,1183.762089803687,1192.8385464528665,1188.3003181282768,9.076456649179363,64.8,83.71,148.51,18.909999999999997,-3.6067727094255133,0.7672575698086348,8.001483469980428,4.931454638795071
2024-06-23 08:25:16,1186.72,1161.75,1184.5015673527653,1185.0664098396499,1184.7839885962076,0.5648424868845723,64.8,83.69,148.49,18.89,-3.5163295320692214,0.09044317735629193,7.978880602177433,5.726011610456471
2024-06-23 08:25:17,1185.42,1155.25,1184.731175514574,1177.6123073797373,1181.1717414471557,7.118868134836703,64.8,83.69,148.49,18.89,-3.612247149051882,-0.09591761698266055,7.954554067564156,5.909853624352141
2024-06-23 08:25:18,1184.11,1152.65,1184.5758816359305,1171.3717305348032,1177.973806085367,13.204151101127309,64.8,83.66,148.45999999999998,18.86,-3.1979353617887227,0.4143117872631592,7.934620760816021,5.5344524623680185
2024-06-23 08:25:19,1182.81,1151.35,1184.134411226948,1166.3662979011024,1175.2503545640252,17.76811332584566,64.8,83.63,148.43,18.83,-2.723451521341758,0.4744838404469647,7.9178760806181305,5.2112545198534885
2024-06-23 08:25:20,1180.21,1142.24,1183.153308420211,1160.3347234258267,1171.7440159230189,22.81858499438431,64.8,83.63,148.43,18.83,-3.506338641006323,-0.782887119664565,7.894253237409996,5.064837048438562
2024-06-23 08:25:21,1178.9,1138.34,1182.0899813151582,1154.83604256937,1168.463011942264,27.25393874578822,64.8,83.6,148.39999999999998,18.799999999999997,-3.2810039807548037,0.22533466025151938,7.87373991959922,5.007462051372251
2024-06-23 08:25:22,1181.51,1139.64,1181.9449859863687,1151.0370319270276,1166.4910089566981,30.907954059341137,64.8,83.6,148.39999999999998,18.799999999999997,-1.9720029855659504,1.3090009951888533,7.860451489866892,4.721619107169841
2024-06-23 08:25:23,1181.51,1134.43,1181.8362394897765,1146.8852739452707,1164.3607567175236,34.950965544505834,64.8,83.57,148.37,18.769999999999996,-2.130252239174524,-0.15824925360857378,7.847683149355263,4.311605045470999
2024-06-23 08:25:24,1177.6,1126.62,1180.7771796173324,1141.818955458953,1161.2980675381427,38.95822415837938,64.8,83.55,148.35,18.75,-3.062689179380868,-0.9324369402063439,7.828096122076486,3.968172284972958
2024-06-23 08:25:25,1178.9,1126.62,1180.3078847129993,1138.0192165942149,1159.1635506536072,42.28866811878447,64.8,83.55,148.35,18.75,-2.1345168845355147,0.9281722948453535,7.813707737377146,3.772778424738822
2024-06-23 08:25:26,1178.9,1118.81,1179.9559135347495,1133.2169124456611,1156.5864129902052,46.73900108908833,64.8,83.52,148.32,18.72,-2.577137663402027,-0.4426207788665124,7.79791265636659,3.9593320606592988
2024-06-23 08:25:27,1180.21,1114.91,1180.0194351510622,1128.6401843342458,1154.329809742654,51.379250816816466,64.8,83.49,148.29,18.689999999999998,-2.2566032475510838,0.32053441585094333,7.7842727220876755,3.9234089070432363
2024-06-23 08:25:28,1178.9,1116.21,1179.7395763632967,1125.5326382506844,1152.6361073069907,54.206938112612306,64.8,83.49,148.29,18.689999999999998,-1.6937024356634538,0.56290081188763,7.772851166863171,3.5108548116849674
2024-06-23 08:25:29,1172.39,1112.3,1177.9021822724726,1122.2244786880133,1150.063330480243,55.67770358445932,64.8,83.46,148.26,18.659999999999997,-2.572776826747713,-0.8790743910842593,7.75707083989729,3.50974818218502
2024-06-23 08:25:30,1178.9,1107.1,1178.1516367043546,1118.44335901601,1148.2974978601824,59.70827768834465,64.8,83.43,148.23000000000002,18.63000000000001,-1.7658326200605643,0.8069442066871488,7.7467279910507605,3.30132571797905
2024-06-23 08:25:31,1176.3,1105.79,1177.6887275282659,1115.2800192620075,1146.4843733951366,62.40870826625837,64.8,83.43,148.23000000000002,18.63000000000001,-1.813124465045803,-0.04729184498523864,7.73449615908143,3.174210082836137
2024-06-23 08:25:32,1172.39,1097.98,1176.3640456461994,1110.9550144465056,1143.6595300463525,65.4090311996938,64.8,83.41,148.20999999999998,18.61,-2.824843348784043,-1.01171888373824,7.716480145265991,3.4174489486504536
2024-06-23 08:25:33,1178.9,1097.98,1176.9980342346496,1107.7112608348793,1142.3546475347644,69.28677339977025,64.8,83.41,148.20999999999998,18.61,-1.3048825115881755,1.5199608371958675,7.707675864159562,3.187571812187979
2024-06-23 08:25:34,1177.6,1095.38,1177.148525675987,1104.6284456261596,1140.8884856510733,72.52008004982736,64.8,83.38,148.18,18.58,-1.4661618836910293,-0.1612793721028538,7.699341867672637,3.0239747768101655
2024-06-23 08:25:35,1169.78,1092.77,1175.3063942569902,1101.6638342196197,1138.485114238305,73.64256003737046,64.8,83.35,148.14999999999998,18.549999999999997,-2.403371412768365,-0.9372095290773359,7.684678410756846,2.9949255369341867
2024-06-23 08:25:36,1172.39,1088.86,1174.5772956927426,1098.4628756647148,1136.5200856787287,76.11442002802778,64.8,83.35,148.14999999999998,18.549999999999997,-1.9650285595762398,0.4383428531921254,7.671414633866448,2.8897502538707354
2024-06-23 08:25:37,1176.3,1087.56,1175.007971769557,1095.737156748536,1135.3725642590466,79.27081502102078,64.8,83.32,148.12,18.519999999999996,-1.147521419682107,0.8175071398941327,7.665221149026637,2.916034368850684
2024-06-23 08:25:38,1173.69,1081.05,1174.6784788271675,1092.0653675614021,1133.3719231942848,82.61311126576538,64.8,83.32,148.12,18.519999999999996,-2.000641064761794,-0.853119645079687,7.651714255620919,2.8871052700041573
2024-06-23 08:25:39,1172.39,1079.75,1174.1063591203756,1088.9865256710516,1131.5464423957137,85.119833449324,64.8,83.29,148.09,18.49000000000001,-1.8254807985711068,0.17516026619068725,7.640937502564496,2.6997982097802726
2024-06-23 08:25:40,1176.3,1077.14,1174.6547693402817,1086.0248942532887,1130.3398317967853,88.62987508699302,64.8,83.29,148.09,18.49000000000001,-1.2066105989283642,0.6188701996427426,7.632789683057571,2.570140411803276
2024-06-23 08:25:41,1173.69,1077.14,1174.4135770052112,1083.8036706899666,1129.108623847589,90.60990631524464,64.8,83.27,148.07,18.47,-1.2312079491964596,-0.024597350268095397,7.625505613710295,2.478139824789779
2024-06-23 08:25:42,1169.78,1074.54,1173.2551827539085,1081.487753017475,1127.3714678856918,91.76742973643354,64.8,83.24,148.04,18.439999999999998,-1.7371559618970878,-0.5059480127006282,7.615316537897699,2.2899911827391914
2024-06-23 08:25:43,1173.69,1073.23,1173.3638870654313,1079.4233147631062,1126.3936009142687,93.94057230232511,64.8,83.24,148.04,18.439999999999998,-0.9778669714230546,0.7592889904740332,7.60871111392568,2.1050669297555684
2024-06-23 08:25:44,1173.69,1066.72,1173.4454152990734,1076.2474860723296,1124.8464506857015,97.19792922674378,64.8,83.21,148.01,18.409999999999997,-1.5471502285672614,-0.5692832571442068,7.599800304613886,2.1720706877913445
2024-06-23 08:25:45,1168.48,1069.33,1172.204061474305,1074.5181145542472,1123.361088014276,97.68594692005786,64.8,83.21,148.01,18.409999999999997,-1.4853626714254915,0.06178755714176987,7.589764748493422,2.2226171683983638
2024-06-23 08:25:46,1173.69,1065.42,1172.5755461057288,1072.2435859156853,1122.409566010707,100.33196019004345,64.8,83.18,147.98000000000002,18.38000000000001,-0.9515220035689254,0.5338406678565661,7.584873350627339,2.0560641810979945
2024-06-23 08:25:47,1171.08,1064.11,1172.2016595792966,1070.210189436764,1121.2059245080304,101.99147014253253,64.8,83.18,147.98000000000002,18.38000000000001,-1.2036415026766463,-0.2521194991077209,7.576739538662594,2.0343468937664064
2024-06-23 08:25:48,1167.17,1062.81,1170.9437446844724,1068.360142077573,1119.6519433810226,102.58360260689938,64.8,83.15,147.95,18.35000000000001,-1.5539811270077735,-0.3503396243311272,7.56777246240791,1.989434803104757
2024-06-23 08:25:49,1169.78,1061.51,1170.6528085133543,1066.6476065581799,1118.650207535767,104.00520195517447,64.8,83.15,147.95,18.35000000000001,-1.0017358452555527,0.5522452817522208,7.561001689589493,1.9317906914879168
2024-06-23 08:25:50,1173.69,1054.99,1171.4121063850157,1063.7332049186348,1117.5726556518252,107.67890146638092,64.8,83.12,147.92000000000002,18.320000000000007,-1.077551883941851,-0.07581603868629827,7.555250460360835,1.9392902410927524
2024-06-23 08:25:51,1168.48,1057.6,1170.6790797887618,1062.199903688976,1116.439491738869,108.47917609978572,64.8,83.12,147.92000000000002,18.320000000000007,-1.1331639129562063,-0.05561202901435536,7.547589806593288,1.8418098581373659
2024-06-23 08:25:52,1165.87,1056.3,1169.4768098415714,1060.724927766732,1115.1008688041516,108.75188207483939,64.8,83.1,147.89999999999998,18.299999999999997,-1.3386229347174776,-0.2054590217612713,7.539559575825505,1.7915206861555077
2024-06-23 08:25:53,1172.39,1054.99,1170.2051073811785,1059.291195825049,1114.748151603114,110.9139115561295,64.8,83.07,147.87,18.269999999999996,-0.3527172010376489,0.9859057336798287,7.53870388898634,1.643484018145866
2024-06-23 08:25:54,1165.87,1053.69,1169.1213305358838,1057.890896868787,1113.5061137023354,111.2304336670968,64.8,83.07,147.87,18.269999999999996,-1.2420379007785414,-0.8893206997408925,7.530304363102935,1.5712405630799946
2024-06-23 08:25:55,1168.48,1048.48,1168.9609979019128,1055.5381726515902,1112.2495852767515,113.4228252503226,64.8,83.04,147.84,18.24000000000001,-1.2565284255838378,-0.014490524805296445,7.5233331828559145,1.5964709863581044
2024-06-23 08:25:56,1167.17,1051.08,1168.5132484264345,1054.4236294886928,1111.4684389575636,114.08961893774176,64.8,83.04,147.84,18.24000000000001,-0.7811463191878829,0.4753821063959549,7.518049455083294,1.5632529559891304
2024-06-23 08:25:57,1163.26,1048.48,1167.1999363198258,1052.9377221165196,1110.0688292181726,114.26221420330626,64.8,83.01,147.81,18.210000000000008,-1.3996097393910532,-0.6184634202031702,7.510106364305975,1.8070523719909701
2024-06-23 08:25:58,1161.96,1047.17,1165.8899522398694,1051.4957915873897,1108.6928719136295,114.39416065247974,64.8,83.01,147.81,18.210000000000008,-1.3759573045431353,0.023652434847917903,7.500797404863217,1.8746364718497237
2024-06-23 08:25:59,1168.48,1038.05,1166.5374641799021,1048.1343436905422,1107.3359039352222,118.40312048935994,64.8,82.98,147.78,18.180000000000007,-1.3569679784072832,0.018989326135852025,7.493137748288567,2.001304419296865
2024-06-23 08:26:00,1171.08,1044.57,1167.6730981349265,1047.2432577679067,1107.4581779514165,120.42984036701978,64.8,82.98,147.78,18.180000000000007,0.12227401619429656,1.4792419946015798,7.493965153995475,1.7660852220491614
2024-06-23 08:26:01,1168.48,1040.66,1167.8748236011947,1045.59744332593,1106.7361334635625,122.2773802752647,64.8,82.96,147.76,18.159999999999997,-0.7220444878539638,-0.8443185040482604,7.490092893702421,1.3299470019590613
2024-06-23 08:26:02,1167.17,1038.05,1167.6986177008962,1043.7105824944476,1105.704600097672,123.98803520644856,64.8,82.96,147.76,18.159999999999997,-1.031533365890482,-0.30948887803651814,7.483111752940988,1.09134544153974
2024-06-23 08:26:03,1163.26,1036.75,1166.588963275672,1041.9704368708358,1104.279700073254,124.6185264048363,64.8,82.93,147.73000000000002,18.13000000000001,-1.4249000244180934,-0.39336665852761143,7.474986073229999,1.3267211674103152
2024-06-23 08:26:04,1167.17,1038.05,1166.7342224567542,1040.9903276531268,1103.8622750549405,125.74389480362743,64.8,82.93,147.73000000000002,18.13000000000001,-0.4174250183134518,1.0074750061046416,7.472160479136126,1.5424907830150523
2024-06-23 08:26:05,1167.17,1032.84,1166.8431668425656,1038.952745739845,1102.8979562912054,127.89042110272044,64.8,82.9,147.7,18.10000000000001,-0.9643187637350366,-0.5468937454215848,7.4671492811378215,1.5232188539301688
2024-06-23 08:26:06,1220.58,1142.24,1180.2773751319241,1064.7745593048837,1122.5259672184038,115.50281582704042,65.11,83.21,148.32,18.099999999999994,19.628010927198375,20.59232969093341,7.568271033239839,8.263752162206954
2024-06-23 08:26:07,1194.54,1204.67,1183.843031348943,1099.7484194786628,1141.7957254138028,84.09461187028023,65.55,83.91,149.45999999999998,18.36,19.269758195398936,-0.35825273179943906,7.6394735566327405,17.029813108433185
2024-06-23 08:26:08,1199.75,1276.12,1187.8197735117074,1143.841314608997,1165.8305440603522,43.97845890271037,66.03,84.58,150.61,18.549999999999997,24.03481864654941,4.765060451150475,7.7407246286410425,26.750107157013993
2024-06-23 08:26:09,1249.23,1295.59,1203.1723301337806,1181.7784859567478,1192.4754080452642,21.39384417703286,66.51,85.26,151.77,18.75,26.644863984912035,2.6100453383626245,7.857121962101484,35.269329073481266
2024-06-23 08:26:10,1221.89,1250.15,1207.8517476003356,1198.8713644675609,1203.361556033948,8.980383132774705,66.99,85.96,152.95,18.97,10.886147988683888,-15.758715996228148,7.867679294973971,33.79897538463501
2024-06-23 08:26:11,1221.89,1290.4,1211.3613107002518,1221.7535233506705,1216.5574170254613,10.392212650418742,67.44,86.63,154.07,19.189999999999998,13.1958609915132,2.3097130028293122,7.896134283957468,30.074979776213308
2024-06-23 08:26:12,1255.73,1322.84,1222.4534830251887,1247.025142513003,1234.7393127690957,24.57165948781426,67.91,87.31,155.22,19.400000000000006,18.181895743634414,4.986034752121213,7.954769390634753,25.8979964449304
2024-06-23 08:26:13,1253.13,1294.29,1230.1226122688915,1258.8413568847523,1244.481984576822,28.718744615860714,68.36,87.98,156.34,19.620000000000005,9.74267180772631,-8.439223935908103,7.960099632958439,21.49911566540445
2024-06-23 08:26:14,1241.42,1299.48,1232.9469592016687,1269.0010176635642,1250.9739884326164,36.054058461895465,68.84,88.65,157.49,19.810000000000002,6.492003855794337,-3.250667951931973,7.943196269537241,19.763629958337894
2024-06-23 08:26:15,1275.25,1338.41,1243.5227194012516,1286.353263247673,1264.9379913244625,42.830543846421506,69.29,89.33,158.62,20.039999999999992,13.964002891846121,7.471999036051784,7.974643697830152,18.112944818433355
2024-06-23 08:26:16,1270.05,1290.4,1250.1545395509388,1287.3649474357549,1268.7597434933468,37.21040788481605,69.74,89.44,159.18,19.700000000000003,3.821752168884359,-10.142250722961762,7.97059766002481,14.148799232828376
2024-06-23 08:26:17,1254.43,1282.61,1251.223404663204,1286.1762105768162,1268.6998076200102,34.95280591361211,70.19,89.44,159.63,19.25,-0.05993587333659889,-3.881688042220958,7.947752926594358,11.159746024387909
2024-06-23 08:26:18,1284.36,1263.13,1259.507553497403,1280.414657932612,1269.9611057150075,20.90710443520902,70.66,89.41,160.07,18.75,1.2612980949973007,1.3212339683338996,7.933785829832084,7.883743445982839
2024-06-23 08:26:19,1294.76,1260.54,1268.3206651230523,1275.445993449459,1271.8833292862555,7.1253283264065885,71.08,89.38,160.45999999999998,18.299999999999997,1.9222235712479687,0.660925476250668,7.926482122396695,2.5382151928556858
2024-06-23 08:26:20,1259.64,1250.15,1266.1504988422894,1269.121995087094,1267.6362469646917,2.9714962448047118,71.53,89.36,160.89,17.83,-4.2470823215637665,-6.169305892811735,7.878900112410912,1.6195734069737984
2024-06-23 08:26:21,1294.76,1238.45,1273.302874131717,1261.4539963153206,1267.3784352235189,11.848877816396453,71.98,89.36,161.34,17.379999999999995,-0.25781174117287264,3.989270580390894,7.855326809025611,1.8543356431294011
2024-06-23 08:26:22,1311.67,1238.45,1282.8946555987877,1255.7029972364905,1269.2988264176392,27.191658362297176,72.43,89.33,161.76,16.89999999999999,1.9203911941203842,2.178202935293257,7.846802785428021,1.8403625445463756
2024-06-23 08:26:23,1279.15,1233.26,1281.9584916990907,1250.092247927368,1266.0253698132292,31.866243771722793,72.88,89.3,162.18,16.42,-3.2734566044100575,-5.193847798530442,7.806297706295052,2.2470746765012466
2024-06-23 08:26:24,1292.16,1228.06,1284.508868774318,1244.5841859455259,1264.546527359922,39.92468282879213,73.3,89.3,162.6,16.0,-1.478842453307152,1.7946141511029055,7.77703886582339,1.788814687537547
2024-06-23 08:26:25,1312.97,1316.35,1291.6241515807385,1262.5256394591443,1277.0748955199415,29.09851212159424,73.75,89.41,163.16,15.659999999999997,12.528368160019454,14.007210613326606,7.827132187379317,4.912055832453169
2024-06-23 08:26:26,1292.16,1339.7,1291.7581136855538,1281.8192295943581,1286.788671639956,9.938884091195632,73.92,90.06,163.98000000000002,16.14,9.713776120014472,-2.8145920400049818,7.847229319384843,9.222488640773076
2024-06-23 08:26:27,1286.96,1341.0,1290.5585852641652,1296.6144221957686,1293.5865037299668,6.05583693160338,73.92,90.7,164.62,16.78,6.797832090010843,-2.9159440300036295,7.858015404397713,12.694889110738616
2024-06-23 08:26:28,1284.36,1394.15,1289.0089389481238,1320.9983166468264,1305.003627797475,31.989377698702583,74.17,91.38,165.55,17.209999999999994,11.417124067508212,4.619291977497369,7.882836725549008,15.471135711459022
2024-06-23 08:26:29,1323.37,1335.81,1297.599204211093,1324.7012374851197,1311.1502208481063,27.10203327402678,74.59,91.38,165.97,16.789999999999992,6.146593050631282,-5.27053101687693,7.8999229556436905,13.704430398435926
2024-06-23 08:26:30,1315.57,1357.86,1302.0919031583196,1332.9909281138398,1317.5414156360798,30.89902495552019,75.01,91.35,166.36,16.33999999999999,6.391194787973518,0.24460173734223645,7.9198209167844364,12.581153123411573
2024-06-23 08:26:31,1303.86,1342.3,1302.5339273687396,1335.31819608538,1318.9260617270597,32.78426871664033,75.43,91.63,167.06,16.19999999999999,1.3846460909799134,-5.006548696993605,7.89492430164094,10.360514220881779
2024-06-23 08:26:32,1331.17,1334.52,1309.6929455265547,1335.118647064035,1322.4057962952947,25.425701537480336,75.88,91.63,167.51,15.75,3.479734568235017,2.0950884772551035,7.8944886179977685,6.9185743201269
2024-06-23 08:26:33,1329.87,1350.08,1314.737209144916,1338.8589852980263,1326.7980972214712,24.121776153110204,76.3,91.85,168.14999999999998,15.549999999999997,4.392300926176404,0.9125663579413867,7.890562529473142,5.82018250021928
2024-06-23 08:26:34,1310.37,1343.6,1313.645406858687,1340.0442389735197,1326.8448229161033,26.398832114832658,76.73,91.83,168.56,15.099999999999994,0.04672569463218679,-4.345575231544217,7.871646980567491,4.3220522168238285
2024-06-23 08:26:35,1338.96,1387.67,1319.9740551440152,1351.9506792301397,1335.9623671870775,31.976624086124502,77.15,91.91,169.06,14.759999999999991,9.117544270974122,9.070818576341935,7.902297168370876,6.391062110163788
2024-06-23 08:26:36,1335.06,1351.38,1323.7455413580115,1351.8080094226048,1337.776775390308,28.062468064593304,77.57,92.02,169.58999999999997,14.450000000000003,1.8144082032306414,-7.3031360677434805,7.888299826062908,6.593525440282998
2024-06-23 08:26:37,1319.47,1338.41,1322.6766560185085,1348.4585070669536,1335.5675815427312,25.781851048445105,77.99,91.99,169.98,14.0,-2.2091938475768984,-4.02360205080754,7.857204222176298,5.331385578177681
2024-06-23 08:26:38,1346.76,1355.27,1328.6974920138814,1350.1613803002151,1339.4294361570483,21.463888286333713,78.41,92.08,170.49,13.670000000000002,3.8618546143170533,6.071048461893952,7.856351858177584,4.873861165000671
2024-06-23 08:26:39,1340.26,1339.7,1331.588119010411,1347.5460352251614,1339.567077117786,15.957916214750412,78.8,92.08,170.88,13.280000000000001,0.1376409607378264,-3.724213653579227,7.839226763100184,1.873609751909057
2024-06-23 08:26:40,1320.77,1361.75,1328.8835892578081,1351.097026418871,1339.9903078383395,22.213437161062984,79.22,92.19,171.41,12.969999999999999,0.4232307205534198,0.2855897598155934,7.8174569746274,1.8261951067590954
2024-06-23 08:26:41,1372.74,1350.08,1339.847691943356,1350.8427698141534,1345.3452308787546,10.995077870797331,79.64,92.16,171.8,12.519999999999996,5.354923040415088,4.931692319861668,7.830880227286812,3.490303392979029
2024-06-23 08:26:42,1348.06,1369.53,1341.900768957517,1355.514577360615,1348.707673159066,13.613808403098119,80.04,92.33,172.37,12.289999999999992,3.3624422803113703,-1.9924807601037173,7.8244918798780185,4.210143639109296
2024-06-23 08:26:43,1338.96,1355.27,1341.1655767181378,1355.4534330204613,1348.3095048692994,14.287856302323462,80.46,92.33,172.79,11.870000000000005,-0.39816828976654506,-3.7606105700779153,7.80316856916564,4.402697460734192
2024-06-23 08:26:44,1377.94,1378.6,1350.3591825386034,1361.240074765346,1355.7996286519747,10.880892226742617,80.85,92.41,173.26,11.560000000000002,7.490123782675255,7.8882920724418,7.825231564277636,5.743496404147056
2024-06-23 08:26:45,1357.16,1353.97,1352.0593869039526,1359.4225560740094,1355.740971488981,7.363169170056835,81.24,92.39,173.63,11.150000000000006,-0.058657162993768,-7.548780945669023,7.808218416637462,4.736626126114683
2024-06-23 08:26:46,1355.86,1394.15,1353.0095401779645,1368.104417055507,1360.5569786167357,15.094876877542447,81.67,92.44,174.11,10.769999999999996,4.816007127754801,4.874664290748569,7.814352827536516,5.232048850697801
2024-06-23 08:26:47,1389.63,1360.45,1362.1646551334734,1366.1908127916302,1364.1777339625519,4.026157658156762,82.06,92.47,174.53,10.409999999999997,3.6207553458161783,-1.195251781938623,7.81629362371087,5.9726090657916115
2024-06-23 08:26:48,1354.56,1350.08,1360.2634913501051,1362.1631095937225,1361.213300471914,1.8996182436173967,82.28,92.47,174.75,10.189999999999998,-2.96443349063793,-6.585188836454108,7.789489514634761,3.665951951920177
2024-06-23 08:26:49,1357.16,1369.53,1359.4876185125788,1364.0048321952918,1361.7462253539352,4.517213682712963,82.28,92.56,174.84,10.280000000000001,0.5329248820212342,3.497358372659164,7.7885278973084375,3.0848127056988273
2024-06-23 08:26:50,1350.66,1359.16,1357.2807138844341,1362.7936241464688,1360.0371690154516,5.512910262034666,82.45,92.53,174.98000000000002,10.079999999999998,-1.709056338483606,-2.24198122050484,7.772529210440749,1.6071353908203059
2024-06-23 08:26:51,1366.25,1365.64,1359.5230354133255,1363.5052181098517,1361.5141267615886,3.9821826965262517,82.65,92.61,175.26,9.959999999999994,1.4769577461370318,3.1860140846206377,7.7685388508105095,1.5141519000946768
2024-06-23 08:26:52,1359.75,1361.75,1359.5797765599941,1363.0664135823888,1361.3230950711913,3.4866370223946888,82.65,92.58,175.23000000000002,9.929999999999993,-0.19103169039726708,-1.6679894365342989,7.768778675468884,0.6631414295831117
2024-06-23 08:26:53,1367.55,1370.82,1361.5723324199955,1365.0048101867915,1363.2885713033934,3.432477766795955,82.79,92.61,175.4,9.819999999999993,1.965476232202036,2.156507922599303,7.772454752171828,1.1616256666066769
2024-06-23 08:26:54,1364.95,1361.75,1362.4167493149967,1364.1911076400936,1363.303928477545,1.774358325096955,82.79,92.61,175.4,9.819999999999993,0.015357174151631625,-1.9501190580504044,7.772542307326127,1.4009624297224086
2024-06-23 08:26:55,1385.73,1379.9,1368.2450619862475,1368.1183307300703,1368.181696358159,0.1267312561772087,82.82,92.64,175.45999999999998,9.820000000000007,4.877767880613874,4.862410706462242,7.797684307309215,2.769546520654947
2024-06-23 08:26:56,1361.05,1360.45,1366.4462964896857,1366.2012480475526,1366.323772268619,0.24504844213311117,82.93,92.64,175.57,9.709999999999994,-1.8579240895398925,-6.735691970153766,7.7822165773560545,2.7327028134468425
2024-06-23 08:26:57,1363.65,1377.31,1365.7472223672644,1368.9784360356643,1367.3628292014644,3.2312136683999597,82.93,92.67,175.60000000000002,9.739999999999995,1.0390569328453694,2.896981022385262,7.786804222179157,2.2841163140210017
2024-06-23 08:26:58,1367.55,1359.16,1366.1979167754482,1366.5238270267482,1366.360871901098,0.3259102513000016,83.04,92.64,175.68,9.599999999999994,-1.0019573003662572,-2.0410142332116266,7.777555009810696,1.847355073728507
2024-06-23 08:26:59,1366.25,1382.49,1366.2109375815862,1370.515370270061,1368.3631539258236,4.30443268847489,83.04,92.72,175.76,9.679999999999993,2.002282024725446,3.004239325091703,7.785407067253167,0.9675884564441962
2024-06-23 08:27:00,1353.26,1370.82,1362.9732031861897,1370.5915277025458,1366.7823654443678,7.618324516356097,83.18,92.7,175.88,9.519999999999996,-1.5807884814557838,-3.5830705061812296,7.7711073326885405,0.8508110668661585
2024-06-23 08:27:01,1367.55,1387.67,1364.1174023896424,1374.8611457769093,1369.4892740832759,10.743743387266932,83.18,92.78,175.96,9.599999999999994,2.7069086389080894,4.287697120363873,7.7829578671307,1.2635536698199221
2024-06-23 08:27:02,1389.63,1376.01,1370.4955517922317,1375.148359332682,1372.8219555624569,4.65280754045034,83.21,92.75,175.95999999999998,9.540000000000006,3.3326814791810193,0.6257728402729299,7.801897861789947,2.591119567733808
2024-06-23 08:27:03,1368.85,1420.06,1370.0841638441739,1386.3762694995116,1378.2302166718428,16.292105655337764,83.29,92.78,176.07,9.489999999999995,5.408261109385876,2.0755796302048566,7.827740153598584,4.5421597858510845
2024-06-23 08:27:04,1367.55,1377.31,1369.4506228831303,1384.1097021246337,1376.780162503882,14.659079241503377,83.29,92.75,176.04000000000002,9.459999999999994,-1.4500541679608432,-6.858315277346719,7.820837052278145,4.808848571068734
2024-06-23 08:27:05,1367.55,1364.34,1368.9754671623477,1379.1672765934754,1374.0713718779116,10.191809431127695,83.41,92.75,176.16,9.340000000000003,-2.708790625970323,-1.25873645800948,7.800132629869318,3.426933342291585
2024-06-23 08:27:06,1366.25,1378.6,1368.2941003717608,1379.0254574451064,1373.6597789084335,10.731357073345634,83.41,92.78,176.19,9.370000000000005,-0.4115929694780789,2.2971976564922443,7.79646842109067,2.2881321768434733
2024-06-23 08:27:07,1367.55,1361.75,1368.1080752788207,1374.7065930838298,1371.4073341813253,6.5985178050091235,83.49,92.78,176.26999999999998,9.290000000000006,-2.252444727108241,-1.840851757630162,7.780151621950268,2.693704804055894
2024-06-23 08:27:08,1367.55,1378.6,1367.9685564591157,1375.6799448128722,1371.8242506359938,7.711388353756547,83.49,92.81,176.3,9.320000000000007,0.4169164546685806,2.6693611817768215,7.781192528955197,2.138167874331161
2024-06-23 08:27:09,1361.05,1369.53,1366.2389173443369,1374.142458609654,1370.1906879769954,7.903541265317244,83.57,92.78,176.35,9.210000000000008,-1.6335626589984713,-2.050479113667052,7.769723165337523,1.6151718869698248
2024-06-23 08:27:10,1367.55,1382.49,1366.5666880082526,1376.2293439572404,1371.3980159827465,9.662655948987776,83.57,92.86,176.43,9.290000000000006,1.207328005751151,2.8408906647496224,7.773043179786336,1.2560814604753998
2024-06-23 08:27:11,1397.42,1368.23,1374.2800160061895,1374.2295079679302,1374.2547619870597,0.05050803825929506,83.63,92.84,176.47,9.210000000000008,2.8567460043132087,1.6494179985620576,7.787469565362896,1.4942373276319383
2024-06-23 08:27:12,1370.15,1378.6,1373.247512004642,1375.3221309759479,1374.284821490295,2.074618971305881,83.66,92.89,176.55,9.230000000000004,0.030059503235179363,-2.8266865010780293,7.784111094342587,1.8171930598772759
2024-06-23 08:27:13,1367.55,1366.94,1371.8231340034815,1373.226598231961,1372.524866117721,1.403464228479379,83.66,92.86,176.51999999999998,9.200000000000003,-1.7599553725738133,-1.7900148758089927,7.775463734093913,1.7894129832387713
2024-06-23 08:27:14,1371.44,1378.6,1371.727350502611,1374.5699486739709,1373.148649588291,2.842598171359896,83.74,92.92,176.66,9.180000000000007,0.6237834705698333,2.3837388431436466,7.77283279641944,1.221137098572683
2024-06-23 08:27:15,1361.05,1366.94,1369.0580128769582,1372.6624615054784,1370.8602371912184,3.604448628520231,83.74,92.89,176.63,9.150000000000006,-2.288412397072534,-2.9121958676423674,7.761197018796476,1.4186747376366733
2024-06-23 08:27:16,1364.95,1378.6,1368.0310096577186,1374.1468461291088,1371.0889278934137,6.115836471390139,83.77,92.98,176.75,9.210000000000008,0.2286907021953084,2.5171030992678425,7.757221613217494,1.4332383100447306
2024-06-23 08:27:17,1366.25,1374.71,1367.585757243289,1374.2876345968316,1370.9366959200602,6.7018773535426135,83.77,92.95,176.72,9.180000000000007,-0.1522319733535369,-0.3809226755488453,7.7576770493570795,1.0535094251409147
2024-06-23 08:27:18,1372.74,1385.08,1368.8743179324667,1376.9857259476237,1372.9300219400452,8.11140801515694,83.83,93.03,176.86,9.200000000000003,1.9933260199850338,2.1455579933385707,7.762806819954983,1.1434187028576226
2024-06-23 08:27:19,1370.15,1374.71,1369.1932384493502,1376.4167944607177,1372.805016455034,7.223556011367464,83.83,93.0,176.82999999999998,9.170000000000002,-0.12500548501111552,-2.1183315049961493,7.763416890186153,1.0478950112360699
2024-06-23 08:27:20,1374.04,1386.38,1370.4049288370127,1378.9075958455383,1374.6562623412756,8.502667008525577,83.88,93.06,176.94,9.180000000000007,1.851245886241486,1.9762513712526015,7.769053094677419,1.529794514052045
2024-06-23 08:27:21,1370.15,1372.12,1370.3411966277595,1377.2106968841538,1373.7759467559567,6.8695002563943035,83.88,93.06,176.94,9.180000000000007,-0.88031558531884,-2.731561471560326,7.764077873809647,1.382323831638941
2024-06-23 08:27:22,1374.04,1386.38,1371.2658974708195,1379.5030226631154,1375.3844600669674,8.237125192295935,83.97,93.06,177.03,9.090000000000003,1.6085133110107108,2.488828896329551,7.769216812391971,1.110208909653629
2024-06-23 08:27:23,1370.15,1370.82,1370.9869231031148,1377.3322669973365,1374.1595950502256,6.345343894221742,83.97,93.06,177.03,9.090000000000003,-1.2248650167418873,-2.833378327752598,7.762297843800077,0.9655291488554942
2024-06-23 08:27:24,1367.55,1379.9,1370.127692327336,1377.9742002480025,1374.0509462876694,7.846507920666454,83.97,93.06,177.03,9.090000000000003,-0.10864876255618583,1.1162162541857015,7.761684113009012,0.6331981154390274
2024-06-23 08:27:25,1371.44,1370.82,1370.4557692455019,1376.1856501860018,1373.320709715752,5.729880940499925,84.02,93.03,177.05,9.010000000000005,-0.7302365719174304,-0.6215878093612446,7.756682869014792,0.7682370733688936
2024-06-23 08:27:26,1372.74,1378.6,1371.0268269341263,1376.7892376395012,1373.9080322868138,5.762410705374805,84.02,93.06,177.07999999999998,9.040000000000006,0.5873225710618044,1.3175591429792348,7.758685478473732,0.7548142968777949
2024-06-23 08:27:27,1370.15,1370.82,1370.8076202005946,1375.2969282296258,1373.0522742151102,4.4893080290312355,84.02,93.03,177.05,9.010000000000005,-0.8557580717035762,-1.4430806427653806,7.755166712566751,0.485042239403742
2024-06-23 08:27:28,1363.65,1425.24,1369.018215150446,1387.7826961722194,1378.4004556613327,18.764481021773463,84.02,93.06,177.07999999999998,9.040000000000006,5.3481814462224975,6.203939517926074,7.784054934929285,2.193254502870212
2024-06-23 08:27:29,1370.15,1376.01,1369.3011613628346,1384.8395221291646,1377.0703417459995,15.538360766330015,84.08,93.03,177.11,8.950000000000003,-1.330113915333186,-6.6782953615556835,7.7752263224593365,2.4260262767847487
2024-06-23 08:27:30,1372.74,1372.12,1370.1608710221258,1381.6596415968734,1375.9102563094996,11.498770574747596,84.08,93.0,177.07999999999998,8.920000000000002,-1.1600854364999122,0.17002847883327377,7.769992368079441,2.204034470911949
2024-06-23 08:27:31,1363.65,1377.31,1368.5331532665941,1380.5722311976551,1374.5526922321246,12.039077931061001,84.08,93.0,177.07999999999998,8.920000000000002,-1.3575640773749456,-0.1974786408750333,7.762325979612598,2.091293189695199
2024-06-23 08:27:32,1362.35,1370.82,1366.9873649499455,1378.1341733982413,1372.5607691740934,11.146808448295815,84.08,92.98,177.06,8.900000000000006,-1.9919230580312615,-0.6343589806563159,7.751952792398851,2.2575198930803273
2024-06-23 08:27:33,1370.15,1377.31,1367.778023712459,1377.928130048681,1372.85307688057,10.150106336222052,84.14,92.98,177.12,8.840000000000003,0.29230770647654936,2.284230764507811,7.750977129232118,1.938507273410925
2024-06-23 08:27:34,1372.74,1366.94,1369.018517784344,1375.1810975365106,1372.0998076604274,6.162579752166494,84.14,92.95,177.09,8.810000000000002,-0.7532692201425562,-1.0455769266191055,7.748036591068896,1.5916398088843338
2024-06-23 08:27:35,1375.34,1379.9,1370.5988883382581,1376.360823152383,1373.4798557453205,5.76193481412497,84.16,92.98,177.14,8.820000000000007,1.380048084893133,2.133317305035689,7.75364032963577,0.9495135353672384
2024-06-23 08:27:36,1368.85,1366.94,1370.1616662536935,1374.0056173642874,1372.0836418089905,3.8439511105939346,84.16,92.95,177.11,8.790000000000006,-1.396213936330014,-2.776262021223147,7.747070374693242,0.5820998178020337
2024-06-23 08:27:37,1375.34,1382.49,1371.4562496902702,1376.1267130232154,1373.7914813567427,4.670463332945246,84.19,93.0,177.19,8.810000000000002,1.7078395477522008,3.1040534840822147,7.7532110931967475,0.7798298947749489
2024-06-23 08:27:38,1372.74,1373.42,1371.7771872677026,1375.4500347674116,1373.613611017557,3.6728474997089506,84.19,92.98,177.17000000000002,8.790000000000006,-0.17787033918557427,-1.885709886937775,7.753082368710699,0.8488736200325411
2024-06-23 08:27:39,1370.15,1387.67,1371.370390450777,1378.5050260755588,1374.937708263168,7.134635624781822,84.22,93.0,177.22,8.780000000000001,1.324097245610801,1.5019675847963754,7.75836644004515,1.0171448478715825
2024-06-23 08:27:40,1371.44,1372.12,1371.387792838083,1376.908769556669,1374.148281197376,5.520976718586098,84.22,93.0,177.22,8.780000000000001,-0.7894270657918696,-2.1135243114026707,7.753911936821263,1.044055404191723
2024-06-23 08:27:41,1375.34,1390.27,1372.3758446285624,1380.249077167502,1376.3124608980322,7.8732325389396465,84.25,93.03,177.28,8.780000000000001,2.1641797006561774,2.953606766448047,7.763495335822072,1.1033546125395872
2024-06-23 08:27:42,1375.34,1374.71,1373.1168834714217,1378.8643078756265,1375.9905956735242,5.747424404204821,84.25,93.0,177.25,8.75,-0.32186522450797383,-2.486044925164151,7.762993443782967,1.1570665035591947
2024-06-23 08:27:43,1370.15,1388.97,1372.3751626035664,1381.39073090672,1376.8829467551432,9.015568303153486,84.25,93.06,177.31,8.810000000000002,0.8923510816189264,1.2142163061269002,7.765399238563781,1.0997090181876514
2024-06-23 08:27:44,1376.64,1377.31,1373.441371952675,1380.3705481800398,1376.9059600663572,6.929176227364906,84.28,93.06,177.34,8.780000000000001,0.02301331121407202,-0.8693377704048544,7.764215362028543,1.1308622704876476
2024-06-23 08:27:45,1379.24,1391.56,1374.8910289645062,1383.16791113503,1379.029470049768,8.276882170523777,84.28,93.09,177.37,8.810000000000002,2.123509983410713,2.100496672196641,7.77487434332127,1.1863759467910784
2024-06-23 08:27:46,1379.24,1378.6,1375.9782717233795,1382.0259333512727,1379.0021025373262,6.047661627893149,84.33,93.06,177.39,8.730000000000004,-0.027367512441742292,-2.1508774958524555,7.7738434791334505,1.3773322669639563
2024-06-23 08:27:47,1370.15,1377.31,1374.5212037925348,1380.8469500134543,1377.6840769029945,6.325746220919427,84.33,93.12,177.45,8.790000000000006,-1.3180256343316614,-1.2906581218899191,7.763787371874935,1.067645062742229
2024-06-23 08:27:48,1375.34,1382.49,1374.7259028444012,1381.2577125100906,1377.991807677246,6.5318096656894795,84.33,93.09,177.42000000000002,8.760000000000005,0.30773077425146766,1.625756408583129,7.7668346291873025,0.9063056646986095
2024-06-23 08:27:49,1371.44,1374.71,1373.904427133301,1379.620784382568,1376.7626057579346,5.716357249267048,84.33,93.06,177.39,8.730000000000004,-1.2292019193114356,-1.5369326935629033,7.761218772178341,0.9553592616296319
2024-06-23 08:27:50,1375.34,1374.71,1374.2633203499759,1378.393088286926,1376.3282043184508,4.129767936950202,84.36,93.06,177.42000000000002,8.700000000000003,-0.4344014394837359,0.7948004798276997,7.757457989860177,1.052909793263268
2024-06-23 08:27:51,1375.34,1370.82,1374.532490262482,1376.4998162151944,1375.5161532388383,1.9673259527123719,84.36,93.03,177.39,8.670000000000002,-0.8120510796125018,-0.3776496401287659,7.754192149978276,1.0072547994022092
2024-06-23 08:27:52,1371.44,1382.49,1373.7593676968618,1377.9973621613958,1375.8783649291288,4.23799446453404,84.39,93.03,177.42000000000002,8.64,0.36221169029045086,1.1742627699029526,7.754922540718105,0.958937660025509
2024-06-23 08:27:53,1367.55,1370.82,1372.2070257726464,1376.203021621047,1374.2050236968466,3.9959958484005256,84.39,93.0,177.39,8.61,-1.673341232282155,-2.035552922572606,7.7468009242349956,0.9768690695576145
2024-06-23 08:27:54,1371.44,1378.6,1372.015269329485,1376.802266215785,1374.408767772635,4.78699688630013,84.42,93.03,177.45,8.61,0.20374407578833598,1.877085308070491,7.745329726837449,0.9255207701777075
2024-06-23 08:27:55,1371.44,1370.82,1371.8714519971136,1375.3066996618386,1373.589075829476,3.4352476647250114,84.42,93.0,177.42000000000002,8.579999999999998,-0.8196919431588867,-1.0234360189472227,7.742019321877222,0.9508842585614794
2024-06-23 08:27:56,1367.55,1381.19,1370.7910889978352,1376.7775247463792,1373.7843068721072,5.986435748543954,84.42,93.06,177.48000000000002,8.64,0.19523104263112145,1.0149229857900082,7.740502023504649,0.9023186226545531
2024-06-23 08:27:57,1364.95,1374.71,1369.3308167483763,1376.2606435597843,1372.7957301540803,6.92982681140802,84.42,93.06,177.48000000000002,8.64,-0.988576718026934,-1.1838077606580555,7.734931949623328,0.6281937385244029
2024-06-23 08:27:58,1374.04,1385.08,1370.5081125612821,1378.4654826698381,1374.4867976155601,7.957370108556006,84.42,93.03,177.45,8.61,1.6910674614798609,2.679644179506795,7.745769455451061,0.6882488128539749
2024-06-23 08:27:59,1374.04,1377.31,1371.3910844209615,1378.1766120023785,1374.78384821167,6.785527581417,84.42,93.03,177.45,8.61,0.29705059610978424,-1.3940168653700766,7.747443451474932,0.7833045275301533
2024-06-23 08:28:00,1367.55,1390.27,1370.4308133157213,1381.199959001784,1375.8153861587525,10.769145686062757,84.42,93.06,177.48000000000002,8.64,1.0315379470825974,0.7344873509728131,7.751946013110246,1.1279017065867272
2024-06-23 08:28:01,1368.85,1376.01,1370.0356099867909,1379.902469251338,1374.9690396190645,9.866859264547202,84.44,93.03,177.47,8.590000000000003,-0.8463465396880565,-1.877884486770654,7.747613860773374,1.108028243488963
2024-06-23 08:28:02,1372.74,1378.6,1370.711707490093,1379.5768519385038,1375.1442797142984,8.865144448410774,84.44,93.06,177.5,8.620000000000005,0.17524009523390305,1.0215866349219596,7.747291673053559,0.4971870527819739
2024-06-23 08:28:03,1372.74,1374.71,1371.2187806175698,1378.3601389538778,1374.789459785724,7.141358336308031,84.47,93.03,177.5,8.560000000000002,-0.3548199285744431,-0.5300600238083462,7.745292687551725,0.4264021098752763
2024-06-23 08:28:04,1375.34,1392.86,1372.2490854631774,1381.9851042154082,1377.1170948392928,9.736018752230848,84.47,93.06,177.53,8.590000000000003,2.3276350535688834,2.6824549821433266,7.75709506608572,0.9493823679844577
2024-06-23 08:28:05,1375.34,1381.19,1373.021814097383,1381.7863281615564,1377.4040711294697,8.764514064173454,84.47,93.03,177.5,8.560000000000002,0.28697629017688087,-2.0406587633920026,7.760022892222236,1.2662437451498862
2024-06-23 08:28:06,1370.15,1377.31,1372.3038605730371,1380.6672461211674,1376.4855533471023,8.363385548130282,84.47,93.09,177.56,8.620000000000005,-0.9185177823674167,-1.2054940725442975,7.752227672870436,1.1700268084361445
2024-06-23 08:28:07,1372.74,1381.19,1372.4128954297778,1380.7979345908757,1376.6054150103269,8.385039161097893,84.47,93.09,177.56,8.620000000000005,0.11986166322458303,1.0383794455919997,7.7529027216570405,1.0165484197032912
2024-06-23 08:28:08,1366.25,1369.53,1370.8721715723334,1377.9809509431568,1374.426561257745,7.108779370823413,84.47,93.06,177.53,8.590000000000003,-2.1788537525817446,-2.2987154158063277,7.7419396919720915,1.1689802759818269
2024-06-23 08:28:09,1377.94,1383.79,1372.63912867925,1379.4332132073675,1376.0361709433087,6.794084528117537,84.53,93.09,177.62,8.560000000000002,1.609609685563555,3.7884634381452997,7.747078950547403,1.1030931074988377
2024-06-23 08:28:10,1376.64,1374.71,1373.6393465094377,1378.2524099055256,1375.9458782074817,4.6130633960879095,84.53,93.06,177.59,8.530000000000001,-0.09029273582700625,-1.6999024213905614,7.747879218760079,0.8706537896909572
2024-06-23 08:28:11,1376.64,1382.49,1374.3895098820783,1379.3118074291442,1376.8506586556114,4.922297547065909,84.53,93.06,177.59,8.530000000000001,0.9047804481297135,0.9950731839567197,7.752973990104383,0.9442500177193907
2024-06-23 08:28:12,1374.04,1365.64,1374.3021324115587,1375.8938555718582,1375.0979939917083,1.5917231602995798,84.53,93.03,177.56,8.5,-1.7526646639030332,-2.6574451120327467,7.744413078662397,0.932398122387071
2024-06-23 08:28:13,1371.44,1381.19,1373.586599308669,1377.217891678894,1375.4022454937815,3.6312923702248554,84.53,93.09,177.62,8.560000000000002,0.3042515020731571,2.0569161659761903,7.743509952428057,0.6726423788042604
2024-06-23 08:28:14,1367.55,1372.12,1372.0774494815018,1375.9434187591703,1374.010434120336,3.865969277668455,84.53,93.06,177.59,8.530000000000001,-1.3918113734455346,-1.6960628755186917,7.736980834412721,1.0494789067405497
2024-06-23 08:28:15,1375.34,1388.97,1372.8930871111265,1379.2000640693777,1376.0465755902521,6.306976958251198,84.53,93.09,177.62,8.560000000000002,2.036141469916174,3.427952843361709,7.747137528674218,1.0619909098750269
2024-06-23 08:28:16,1375.34,1372.12,1373.504815333345,1377.4300480520333,1375.4674316926892,3.925232718688221,84.53,93.06,177.59,8.530000000000001,-0.5791438975629717,-2.615285367479146,7.74518511147871,0.7507435577565764
2024-06-23 08:28:17,1368.85,1383.79,1372.341111500009,1379.020036039025,1375.680573769517,6.678924539015952,84.53,93.09,177.62,8.560000000000002,0.21314207682780761,0.7922859743907793,7.745076939671433,0.774819044373103
2024-06-23 08:28:18,1375.34,1378.6,1373.0908336250068,1378.915027029269,1376.0029303271378,5.824193404262132,84.56,93.06,177.62,8.5,0.32235655762087845,0.10921448079307083,7.746891805991702,0.8347303028298018
2024-06-23 08:28:19,1364.95,1388.97,1371.055625218755,1381.4287702719519,1376.2421977453535,10.373145053196822,84.56,93.09,177.65,8.530000000000001,0.23926741821560427,-0.08308913940527418,7.746930424984087,0.3097234918117771
2024-06-23 08:28:20,1377.94,1370.82,1372.7767189140664,1378.7765777039638,1375.776648309015,5.9998587898974165,84.58,93.06,177.64,8.480000000000004,-0.465549436338506,-0.7048168545541103,7.74474578115441,0.29848115238046175
2024-06-23 08:28:21,1377.94,1387.67,1374.0675391855498,1380.9999332779728,1377.5337362317614,6.93239409242301,84.58,93.06,177.64,8.480000000000004,1.7570879227464502,2.222637359084956,7.754637066410293,0.7512243919494673
2024-06-23 08:28:22,1368.85,1381.19,1372.7631543891625,1381.0474499584798,1376.9053021738212,8.284295569317237,84.58,93.03,177.61,8.450000000000003,-0.6284340579402397,-2.38552198068669,7.752408616752505,0.7192619973480464
2024-06-23 08:28:23,1375.34,1392.86,1373.407365791872,1384.0005874688597,1378.703976630366,10.593221676987696,84.58,93.03,177.61,8.450000000000003,1.798674456544859,2.4271085144850986,7.762535717965375,1.1470606145922742
2024-06-23 08:28:24,1368.85,1376.01,1372.268024343904,1382.002940601645,1377.1354824727746,9.734916257740906,84.64,93.0,177.64,8.36,-1.5684941575914308,-3.3671686141362898,7.752395151544582,1.0594405033616145
2024-06-23 08:28:25,1374.04,1378.6,1372.711018257928,1381.1522054512338,1376.9316118545808,8.44118719330595,84.64,93.0,177.64,8.36,-0.20387061819383234,1.3646235393975985,7.751247489885912,0.748914908223589
2024-06-23 08:28:26,1379.24,1372.12,1374.3432636934458,1378.8941540884255,1376.6187088909355,4.55089039497966,84.67,92.98,177.65,8.310000000000002,-0.31290296364522874,-0.1090323454513964,7.749049823483736,0.8284732787417898
2024-06-23 08:28:27,1366.25,1374.71,1372.3199477700844,1377.8481155663192,1375.0840316682018,5.528167796234811,84.67,92.95,177.62,8.280000000000001,-1.5346772227337624,-1.2217742590885337,7.741718409675055,1.2930111648352711
2024-06-23 08:28:28,1371.44,1383.79,1372.0999608275633,1379.3335866747393,1375.7167737511513,7.233625847175972,84.67,93.0,177.67000000000002,8.329999999999998,0.6327420829495622,2.1674193056833246,7.74310106381522,0.8685096184545164
2024-06-23 08:28:29,1377.94,1373.42,1373.5599706206726,1377.8551900060545,1375.7075803133635,4.29521938538187,84.67,92.98,177.65,8.310000000000002,-0.009193437787871517,-0.6419355207374338,7.743921038949859,0.7507889874541668
2024-06-23 08:28:30,1367.55,1379.9,1372.0574779655046,1378.3663925045407,1375.2119352350228,6.3089145390360954,84.67,93.0,177.67000000000002,8.329999999999998,-0.4956450783406581,-0.48645164055278656,7.740259624555429,0.6034912528306141
2024-06-23 08:28:31,1376.64,1377.31,1373.2031084741286,1378.1022943784055,1375.652701426267,4.899185904276919,84.67,93.0,177.67000000000002,8.329999999999998,0.4407661912441654,0.9364112695848235,7.742740438360592,0.30256588958479047
2024-06-23 08:28:32,1374.04,1382.49,1373.4123313555965,1379.199220783804,1376.3057760697002,5.786889428207587,84.67,93.03,177.7,8.36,0.6530746434332286,0.21230845218906325,7.745108431764726,0.38921449317268586
2024-06-23 08:28:33,1364.95,1381.19,1371.2967485166973,1379.6969155878533,1375.4968320522753,8.40016707115592,84.67,93.0,177.67000000000002,8.329999999999998,-0.8089440174248921,-1.4620186608581207,7.741863141275466,0.4017492815352997
2024-06-23 08:28:34,1372.74,1382.49,1371.657561387523,1380.39518669089,1376.0263740392065,8.73762530336694,84.67,93.03,177.7,8.36,0.5295419869312354,1.3384860043561275,7.7435361074601605,0.43235072417486786
2024-06-23 08:28:35,1375.34,1366.94,1372.5781710406422,1377.0313900181673,1374.8047805294048,4.453218977525012,84.67,93.0,177.67000000000002,8.329999999999998,-1.221593509801778,-1.7511354967330135,7.737967990045797,0.5721226737996692
2024-06-23 08:28:36,1367.55,1370.82,1371.3211282804816,1375.4785425136254,1373.3998353970535,4.157414233143754,84.67,93.0,177.67000000000002,8.329999999999998,-1.4049451323512585,-0.18335162254948045,7.730060379732048,1.1608519820684016
2024-06-23 08:28:37,1374.04,1377.31,1372.0008462103613,1375.9364068852192,1373.9686265477903,3.935560674857925,84.67,93.0,177.67000000000002,8.329999999999998,0.5687911507368426,1.9737362830881011,7.733261770780258,1.075035474275355
2024-06-23 08:28:38,1372.74,1370.82,1372.1856346577708,1374.6573051639143,1373.4214699108425,2.4716705061434823,84.67,92.98,177.65,8.310000000000002,-0.5471566369478751,-1.1159477876847177,7.73105241868725,1.1095222075232136
2024-06-23 08:28:39,1376.64,1382.49,1373.2992259933283,1376.6154788729357,1374.957352433132,3.3162528796074184,84.72,93.06,177.78,8.340000000000003,1.535882522289512,2.083039159237387,7.734038388452546,0.7414713711102213
2024-06-23 08:28:40,1377.94,1377.31,1374.4594194949964,1376.7891091547017,1375.624264324849,2.329689659705309,84.72,93.03,177.75,8.310000000000002,0.6669118917170636,-0.8689706305724485,7.739095676994393,0.9841758056805403
2024-06-23 08:28:41,1372.74,1372.12,1374.0295646212471,1375.6218318660262,1374.8256982436367,1.5922672447791228,84.72,93.0,177.72,8.280000000000001,-0.798566081212357,-1.4654779729294205,7.7359086794267835,0.8670517644881701
2024-06-23 08:28:42,1374.04,1383.79,1374.0321734659353,1377.6638738995196,1375.8480236827274,3.6317004335842284,84.72,93.0,177.72,8.280000000000001,1.0223254390907641,1.820891520303121,7.741661129535597,0.9502521686393541
2024-06-23 08:28:43,1366.25,1372.12,1372.0866300994514,1376.2779054246396,1374.1822677620455,4.191275325188144,84.72,93.0,177.72,8.280000000000001,-1.6657559206819315,-2.6880813597726956,7.732288206334443,0.6654765516297483
2024-06-23 08:28:44,1366.25,1385.08,1370.6274725745886,1378.4784290684797,1374.552950821534,7.85095649389109,84.72,93.03,177.75,8.310000000000002,0.37068305948855595,2.0364389801704874,7.733068596840875,0.7084401323075933
2024-06-23 08:28:45,1371.44,1376.01,1370.8306044309415,1377.8613218013597,1374.3459631161506,7.030717370418188,84.72,93.0,177.72,8.280000000000001,-0.20698770538342615,-0.5776707648719821,7.7332092920489615,0.6587441647856621
2024-06-23 08:28:46,1370.15,1382.49,1370.6604533232062,1379.0184913510197,1374.839472337113,8.358038027813564,84.72,93.0,177.72,8.280000000000001,0.4935092209623235,0.7004969263457497,7.735986183891103,0.659163411310801
2024-06-23 08:28:47,1367.55,1365.64,1369.8828399924048,1375.6738685132648,1372.7783542528348,5.791028520859982,84.72,93.0,177.72,8.280000000000001,-2.0611180842781778,-2.5546273052405013,7.724388625525806,0.7996993566131446
2024-06-23 08:28:48,1370.15,1372.12,1369.9496299943035,1374.7854013849485,1372.367515689626,4.83577139064505,84.72,93.0,177.72,8.280000000000001,-0.41083856320869927,1.6502795210694785,7.722076907312341,1.1223419053994779
2024-06-23 08:28:49,1367.55,1364.34,1369.3497224957275,1372.1740510387115,1370.7618867672195,2.824328542983949,84.72,92.98,177.7,8.260000000000005,-1.605628922406595,-1.1947903591978957,7.713910405477261,1.6318587803108988
2024-06-23 08:28:50,1398.72,1386.38,1376.6922918717958,1375.7255382790336,1376.2089150754146,0.9667535927621884,84.75,93.0,177.75,8.25,5.447028308195058,7.052657230601653,7.7423848513813205,2.143234037452435
2024-06-23 08:28:51,1372.74,1379.9,1375.7042189038468,1376.769153709275,1376.2366863065608,1.0649348054282655,84.75,93.0,177.75,8.25,0.02777123114628921,-5.419257077048769,7.742541088967762,2.44860093688481
2024-06-23 08:28:52,1400.01,1392.86,1381.7806641778852,1380.7918652819562,1381.2862647299207,0.9887988959289942,84.78,93.0,177.78,8.219999999999999,5.04957842335989,5.0218071922136005,7.769638074925654,4.083708676429454
2024-06-23 08:28:53,1377.94,1378.6,1380.8204981334138,1380.243898961467,1380.5321985474404,0.576599171946782,84.78,92.98,177.76,8.200000000000003,-0.754066182480301,-5.803644605840191,7.766270200164099,4.21221073413965
2024-06-23 08:28:54,1374.04,1403.22,1379.1253736000604,1385.9879242211002,1382.5566489105804,6.862550621039873,84.78,92.98,177.76,8.200000000000003,2.0244503631399766,2.7785165456202776,7.77765887225991,2.9575094387255616
2024-06-23 08:28:55,1371.44,1387.67,1377.2040302000455,1386.4084431658252,1381.8062366829354,9.204412965779738,84.78,93.0,177.78,8.219999999999999,-0.7504122276450289,-2.7748625907850055,7.772562880584838,2.4864536988961126
2024-06-23 08:28:56,1371.44,1377.31,1375.7630226500341,1384.133832374369,1379.9484275122015,8.370809724334777,84.78,92.98,177.76,8.200000000000003,-1.8578091707338444,-1.1073969430888155,7.762986159705307,1.0276775851224969
2024-06-23 08:28:57,1375.34,1392.86,1375.6572669875256,1386.3153742807765,1380.986320634151,10.65810729325085,84.78,92.98,177.76,8.200000000000003,1.037893121949537,2.8957022926833815,7.768824892356696,1.0320221794425963
2024-06-23 08:28:58,1371.44,1382.49,1374.602950240644,1385.3590307105824,1379.9809904756132,10.756080469938297,84.78,92.98,177.76,8.200000000000003,-1.005330158537845,-2.043223280487382,7.763169344691967,1.140396790764039
2024-06-23 08:28:59,1370.15,1373.42,1373.489712680483,1382.3742730329368,1377.93199285671,8.884560352453718,84.78,92.95,177.73000000000002,8.170000000000002,-2.048997618903286,-1.043667460365441,7.7529510217957505,1.451676539783091
2024-06-23 08:29:00,1371.44,1392.86,1372.9772845103626,1384.9957047747025,1378.9864946425325,12.018420264339966,84.78,93.0,177.78,8.219999999999999,1.0545017858225947,3.1034994047258806,7.756702029957422,1.1555930113929824
2024-06-23 08:29:01,1374.04,1378.6,1373.242963382772,1383.3967785810269,1378.3198709818994,10.15381519825496,84.78,92.98,177.76,8.200000000000003,-0.6666236606331495,-1.7211254464557442,7.753824613119233,1.2470446339264674
2024-06-23 08:29:02,1367.55,1403.22,1371.8197225370789,1388.35258393577,1380.0861532364245,16.53286139869124,84.78,93.0,177.78,8.219999999999999,1.7662822545250947,2.432905915158244,7.762887532194493,0.9652463392623611
2024-06-23 08:29:03,1371.44,1387.67,1371.724791902809,1388.1819379518276,1379.9533649273185,16.457146049018547,84.78,93.0,177.78,8.219999999999999,-0.13278830910599027,-1.899070563631085,7.762140607296534,0.9587214904871525
2024-06-23 08:29:04,1367.55,1377.31,1370.681093927107,1385.463953463871,1378.072523695489,14.782859536763908,84.78,92.98,177.76,8.200000000000003,-1.8808412318294359,-1.7480529227234456,7.75243314549424,0.9187751008919398
2024-06-23 08:29:05,1376.64,1388.97,1372.1708204453303,1386.3404650979032,1379.2556427716167,14.16964465257297,84.81,93.0,177.81,8.189999999999998,1.1831190761276957,3.0639603079571316,7.756907007562622,0.9195417332058824
2024-06-23 08:29:06,1374.04,1382.49,1372.6381153339978,1385.3778488234275,1379.0079820787128,12.739733489429682,84.81,93.0,177.81,8.189999999999998,-0.24766069290399173,-1.4307797690316875,7.755514168624929,0.8117528863074605
2024-06-23 08:29:07,1375.34,1370.82,1373.3135865004983,1381.7383866175705,1377.5259865590344,8.424800117072209,84.84,92.98,177.82,8.14,-1.4819955196783212,-1.2343348267743295,7.746743779171582,0.9652255577404076
2024-06-23 08:29:08,1377.94,1381.19,1374.4701898753738,1381.6012899631778,1378.0357399192758,7.131100087804043,84.84,93.03,177.87,8.189999999999998,0.5097533602413478,1.991748879919669,7.747432013109821,0.7251735119034415
2024-06-23 08:29:09,1372.74,1374.71,1374.0376424065303,1379.8784674723834,1376.9580549394568,5.840825065853096,84.84,93.0,177.84,8.159999999999997,-1.0776849798189687,-1.5874383400603165,7.7426790778046435,0.9723087417982523
2024-06-23 08:29:10,1377.94,1387.67,1375.0132318048977,1381.8263506042877,1378.4197912045927,6.81311879938994,84.84,93.06,177.9,8.219999999999999,1.461736265135869,2.5394212449548377,7.748284336460418,0.7910938656931978
2024-06-23 08:29:11,1367.55,1376.01,1373.1474238536732,1380.3722629532158,1376.7598434034444,7.224839099542578,84.84,93.03,177.87,8.189999999999998,-1.6599478011482915,-3.1216840662841605,7.74025881634444,0.7013008105886204
2024-06-23 08:29:12,1374.04,1391.56,1373.370567890255,1383.169197214912,1378.2698825525836,9.798629324656986,84.84,93.09,177.93,8.25,1.5100391491391747,3.1699869502874662,7.746135417335178,0.77287142985607
2024-06-23 08:29:13,1375.34,1382.49,1373.8629259176912,1382.999397911184,1378.4311619144376,9.136471993492705,84.84,93.06,177.9,8.219999999999999,0.1612793618539854,-1.3487597872851893,7.748348252760479,0.834998802243556
2024-06-23 08:29:14,1370.15,1365.64,1372.9346944382683,1378.659548433388,1375.797121435828,5.724853995119702,84.84,93.03,177.87,8.189999999999998,-2.6340404786094496,-2.795319840463435,7.734846313043131,1.198655716067916
2024-06-23 08:29:15,1375.34,1381.19,1373.536020828701,1379.292161325041,1376.414091076871,5.756140496339867,84.84,93.09,177.93,8.25,0.6169696410429424,3.251010119652392,7.73570552094175,1.1638689396168456
2024-06-23 08:29:16,1374.04,1376.01,1373.6620156215258,1378.4716209937808,1376.0668183076532,4.809605372254964,84.84,93.06,177.9,8.219999999999999,-0.34727276921785233,-0.9642424102607947,7.735057957125324,1.2571567852470438
2024-06-23 08:29:17,1375.34,1387.67,1374.0815117161444,1380.7712157453357,1377.42636373074,6.689704029191262,84.84,93.06,177.9,8.219999999999999,1.359545423086729,1.7068181923045813,7.742700146082292,1.0887598573797217
2024-06-23 08:29:18,1372.74,1378.6,1373.7461337871082,1380.228411809002,1376.987272798055,6.482278021893762,84.84,93.03,177.87,8.189999999999998,-0.43909093268484867,-1.7986363557715777,7.741537443394151,0.6665775018622329
2024-06-23 08:29:19,1376.64,1378.6,1374.4696003403312,1379.8213088567513,1377.1454545985412,5.3517085164201035,84.86,93.03,177.89,8.170000000000002,0.15818180048609065,0.5972727331709393,7.741556281168053,0.5551807331857942
2024-06-23 08:29:20,1377.94,1376.01,1375.3372002552483,1378.8684816425634,1377.1028409489059,3.5312813873151754,84.86,93.03,177.89,8.170000000000002,-0.04261364963531378,-0.20079545012140443,7.741316730606494,0.5171542596681749
2024-06-23 08:29:21,1372.74,1413.59,1374.6879001914363,1387.5488612319227,1381.1183807116795,12.860961040486472,84.89,93.06,177.95,8.170000000000002,4.015539762773642,4.058153412408956,7.761272115484167,1.7751382290792375
2024-06-23 08:29:22,1376.64,1387.67,1375.1759251435772,1387.5791459239422,1381.3775355337598,12.403220780365018,84.89,93.06,177.95,8.170000000000002,0.2591548220802906,-3.7563849406933514,7.762728450525605,2.286263747115702
2024-06-23 08:29:23,1377.94,1374.71,1375.866943857683,1384.3618594429565,1380.11440165032,8.494915585273475,84.89,93.03,177.92000000000002,8.14,-1.2631338834398775,-1.5222887055201682,7.7569379153180185,2.105336399286535
2024-06-23 08:29:24,1377.94,1388.97,1376.3852078932623,1385.5138945822175,1380.9495512377398,9.128686688955213,84.89,93.09,177.98000000000002,8.200000000000003,0.8351495874198918,2.0982834708597693,7.7590153021616155,1.758465843422056
2024-06-23 08:29:25,1376.64,1378.6,1376.4489059199468,1383.7854209366633,1380.117163428305,7.336515016716476,84.89,93.06,177.95,8.170000000000002,-0.8323878094347492,-1.667537396854641,7.755645718868555,0.585817469455716
2024-06-23 08:29:26,1376.64,1390.27,1376.4966794399602,1385.4065657024976,1380.9516225712289,8.909886262537384,84.89,93.12,178.01,8.230000000000004,0.8344591429238335,1.6668469523585827,7.757719312474072,0.562860311570548
2024-06-23 08:29:27,1376.64,1383.79,1376.53250957997,1385.0024242768732,1380.7674669284215,8.46991469690306,84.89,93.09,177.98000000000002,8.200000000000003,-0.18415564280735452,-1.018614785731188,7.757992241658777,0.43035299708675107
2024-06-23 08:29:28,1368.85,1374.71,1374.6118821849777,1382.429318207655,1378.5206001963163,7.817436022677157,84.89,93.06,177.95,8.170000000000002,-2.246866732105218,-2.0627110892978635,7.746673742341347,1.031655360764889
2024-06-23 08:29:29,1367.55,1386.38,1372.8464116387333,1383.4169886557413,1378.1317001472373,10.570577017007963,84.89,93.09,177.98000000000002,8.200000000000003,-0.388900049078984,1.857966683026234,7.743182899224937,1.2971692400297778
2024-06-23 08:29:30,1376.64,1374.71,1373.7948087290501,1381.240241491806,1377.517525110428,7.4454327627559,84.89,93.06,177.95,8.170000000000002,-0.6141750368092289,-0.2252749877302449,7.741036905700429,1.5776752397479672
2024-06-23 08:29:31,1375.34,1382.49,1374.1811065467878,1381.5526811188545,1377.866893832821,7.37157457206672,84.89,93.09,177.98000000000002,8.200000000000003,0.34936872239291006,0.963543759202139,7.741695056136228,1.2869586140873304
2024-06-23 08:29:32,1375.34,1370.82,1374.4708299100907,1378.8695108391407,1376.6701703746157,4.398680929049988,84.89,93.06,177.95,8.170000000000002,-1.1967234582052697,-1.5460921805981798,7.73627514829076,0.7022977870018196
2024-06-23 08:29:33,1372.74,1385.08,1374.038122432568,1380.4221331293556,1377.2301277809618,6.384010696787755,84.89,93.14,178.03,8.25,0.5599574063460295,1.7566808645512992,7.735944054625724,0.5687737458807153
2024-06-23 08:29:34,1372.74,1382.49,1373.7135918244257,1380.9390998470167,1377.3263458357212,7.22550802259093,84.89,93.12,178.01,8.230000000000004,0.09621805475944711,-0.4637393515865824,7.7373537334889475,0.43831506443632223
2024-06-23 08:29:35,1375.34,1365.64,1374.1201938683193,1377.1143248852625,1375.617259376791,2.994131016943129,84.89,93.12,178.01,8.230000000000004,-1.7090864589301873,-1.8053045136896344,7.727752663609002,0.8536680968045158
2024-06-23 08:29:36,1372.74,1381.19,1373.7751454012396,1378.1332436639468,1375.9541945325932,4.358098262707244,84.89,93.17,178.06,8.280000000000001,0.33693515580216626,2.0460216147323536,7.727474934320556,0.7589884908685414
2024-06-23 08:29:37,1377.94,1374.71,1374.8163590509298,1377.2774327479601,1376.046895899445,2.461073697030315,84.92,93.14,178.06,8.219999999999999,0.09270136685177022,-0.24423378895039605,7.727995553023978,0.7869599731537368
2024-06-23 08:29:38,1371.44,1388.97,1373.9722692881974,1380.2005745609702,1377.0864219245836,6.228305272772786,84.92,93.2,178.12,8.280000000000001,1.0395260251386844,0.9468246582869142,7.731228465042416,0.7525300506638736
2024-06-23 08:29:39,1372.74,1376.01,1373.664201966148,1379.1529309207276,1376.4085664434378,5.488728954579528,84.92,93.17,178.09,8.25,-0.677855481145798,-1.7173815062844824,7.728724570243772,0.559044387347217
2024-06-23 08:29:40,1375.34,1382.49,1374.083151474611,1379.9871981905458,1377.0351748325784,5.904046715934783,84.92,93.23,178.15,8.310000000000002,0.6266083891405287,1.3044638702863267,7.729638883541619,0.5342458343562226
2024-06-23 08:29:41,1367.55,1377.31,1372.4498636059582,1379.3178986429093,1375.8838811244336,6.868035036951142,84.92,93.2,178.12,8.280000000000001,-1.151293708144749,-1.7779020972852777,7.724477169323807,0.5530062231529649
2024-06-23 08:29:42,1377.94,1394.15,1373.8223977044686,1383.0259239821821,1378.4241608433254,9.203526277713536,84.92,93.26,178.18,8.340000000000003,2.5402797188917248,3.6915734270364737,7.73613286063078,0.9522630424127108
2024-06-23 08:29:43,1377.94,1385.08,1374.8517982783515,1383.5394429866365,1379.195620632494,8.687644708285006,84.92,93.23,178.15,8.310000000000002,0.7714597891686026,-1.7688199297231222,7.741765999947954,1.3862954196902968
2024-06-23 08:29:44,1370.15,1376.01,1373.6763487087637,1381.6570822399774,1377.6667154743704,7.980733531213673,84.92,93.2,178.12,8.280000000000001,-1.5289051581235071,-2.3003649472921097,7.734486344823064,1.2733163705306345
2024-06-23 08:29:45,1372.74,1386.38,1373.4422615315727,1382.8378116799831,1378.1400366057778,9.395550148410393,84.92,93.28,178.2,8.36,0.4733211314073742,2.0022262895308813,7.7336701956908405,1.2372311279915207
2024-06-23 08:29:46,1376.64,1382.49,1374.2416961486797,1382.7508587599873,1378.4962774543335,8.509162611307602,84.92,93.26,178.18,8.340000000000003,0.3562408485556716,-0.11708028285170258,7.736537600840699,0.5583369992164589
2024-06-23 08:29:47,1368.85,1374.71,1372.8937721115099,1380.7406440699904,1376.8172080907502,7.846871958480506,84.92,93.23,178.15,8.310000000000002,-1.6790693635832667,-2.0353102121389384,7.728415382331377,0.892402970470975
2024-06-23 08:29:48,1372.74,1383.79,1372.8553290836323,1381.5029830524927,1377.1791560680626,8.647653968860368,84.92,93.23,178.15,8.310000000000002,0.36194797731241124,2.041017340895678,7.730447085813166,0.6839863369038922
2024-06-23 08:29:49,1374.04,1370.82,1373.1514968127242,1378.8322372893695,1375.991867051047,5.680740476645269,84.92,93.2,178.12,8.280000000000001,-1.1872890170157007,-1.549236994328112,7.725083423119041,1.0115016111103372
2024-06-23 08:29:50,1368.85,1391.56,1372.0761226095433,1382.014177967027,1377.0451502882852,9.93805535748379,84.92,93.23,178.15,8.310000000000002,1.0532832372382472,2.240572254253948,7.729694878240754,0.9036895026475132
2024-06-23 08:29:51,1371.44,1379.9,1371.9170919571575,1381.4856334752703,1376.701362716214,9.568541518112852,84.92,93.2,178.12,8.280000000000001,-0.3437875720712782,-1.3970708093095254,7.729066668465906,0.4617602614634039
2024-06-23 08:29:52,1372.74,1392.86,1372.1228189678682,1384.3292251064527,1378.2260220371604,12.206406138584498,84.92,93.28,178.2,8.36,1.5246593209465118,1.86844689301779,7.7341527177497635,0.812197630090804
2024-06-23 08:29:53,1367.55,1387.67,1370.9796142259013,1385.1644188298396,1378.0720165278703,14.184804603938346,84.92,93.26,178.18,8.340000000000003,-0.15400550929007295,-1.6786648302365847,7.734156520337376,0.9414180232891665
2024-06-23 08:29:54,1056.29,1165.66,1292.307210669426,1330.2883141223797,1311.2977623959027,37.981103452953676,83.21,93.2,176.41,9.990000000000009,-66.77425413196761,-66.62024862267754,7.433239356967651,29.618690890115964
2024-06-23 08:29:55,920.35,1058.9,1199.3179080020695,1262.4412355917848,1230.8795717969272,63.123327589715245,80.54,93.2,173.74,12.659999999999997,-80.41819059897557,-13.643936467007961,7.084606680743182,64.93370586773351
2024-06-23 08:29:56,605.49,877.51,1050.8609310015522,1166.2084266938386,1108.5346788476954,115.34749569228643,77.57,92.75,170.32,15.180000000000007,-122.34489294923173,-41.926702350256164,6.50854081927639,114.07165119135666
2024-06-23 08:29:57,232.14,307.67,846.1806982511641,951.573820020379,898.8772591357715,105.39312176921487,74.45,91.66,166.11,17.209999999999994,-209.65741971192392,-87.31252676269219,5.411337389226621,189.1061971140073
2024-06-23 08:29:58,128.84,40.64,666.8455236883731,723.8403650152842,695.3429443518287,56.994841326911114,71.42,89.61,161.03,18.189999999999998,-203.53431478394282,6.123104927981103,4.31809563456333,251.51283376590726
2024-06-23 08:29:59,63.86,-95.96,516.0991427662798,518.8902737614632,517.4947082638714,2.79113099518338,71.08,87.22,158.3,16.14,-177.84823608795728,25.686078695985543,3.2690758369854427,291.84173825070417
2024-06-23 08:30:00,57.23,-95.96,401.38185707470984,365.1777053210974,383.2797811979036,36.20415175361245,71.08,87.22,158.3,16.14,-134.2149270659678,43.633309021989476,2.4212241236682215,290.6676145250135
2024-06-23 08:30:01,43.96,-94.63,312.0263928060324,250.22577899082304,281.12608589842773,61.800613815209346,71.08,87.22,158.3,16.14,-102.15369529947588,32.061231766491915,1.7759070380449822,246.90527608274405
2024-06-23 08:30:02,35.99,-93.3,243.0172946045243,164.3443342431173,203.68081442382078,78.67296036140701,71.08,87.22,158.3,16.14,-77.44527147460695,24.70842382486893,1.2866760147640224,195.36792691819656
2024-06-23 08:30:03,32.01,-93.3,190.26547095339322,99.93325068233797,145.0993608178656,90.33222027105525,71.08,87.22,158.3,16.14,-58.581453605955176,18.86381786865178,0.9166099804248617,148.0532223140147
2024-06-23 08:30:04,30.68,-93.3,150.3691032150449,51.62493801175347,100.99702061339919,98.74416520329143,71.08,87.22,158.3,16.14,-44.102340204466415,14.47911340148876,0.6380102335779466,112.24369040284363
2024-06-23 08:30:05,26.7,-91.97,119.45182741128367,15.726203508815104,67.58901546004938,103.72562390246857,71.08,87.22,158.3,16.14,-33.408005153349805,10.69433505111661,0.42696787765686356,84.88559696501017
2024-06-23 08:30:06,29.35,-93.3,96.92637055846276,-11.530347368388671,42.698011595037045,108.45671792685144,71.08,87.22,158.3,16.14,-24.891003865012337,8.517001288337468,0.2697284354094037,64.02559116304067
2024-06-23 08:30:07,28.03,-93.3,79.70227791884707,-31.972760526291502,23.864758696277786,111.67503844513857,71.08,87.22,158.3,16.14,-18.83325289875926,6.057750966253078,0.15075652903045644,48.211541320602954
