time,force_left,force_right,force_left_filt,force_right_filt,force_avg,force_diff,dis_left,dis_right,total_delta_dis,dis_diff,force_rate,force_acc,stiffness_ratio,force_std_5s
2025-05-24 08:48:52,365.35,321.52,365.35,321.52,343.435,43.83000000000004,0.1,-0.0,0.1,0.1,0.0,0.0,3434.3156568434315,0.0
2025-05-24 08:48:53,368.6,324.78,366.1625,322.335,344.24875,43.82750000000004,0.17,0.1,0.27,0.07,0.8137499999999704,0.8137499999999704,1274.9906481827845,0.0
2025-05-24 08:48:54,370.23,324.78,367.17937500000005,322.94624999999996,345.0628125,44.233125000000086,0.17,0.1,0.27,0.07,0.8140625000000341,0.00031250000006366463,1278.0056833122842,0.0
2025-05-24 08:48:55,375.11,324.78,369.16203125000004,323.40468749999997,346.28335937500003,45.757343750000075,0.17,0.29,0.45999999999999996,0.11999999999999997,1.220546875000025,0.4064843749999909,752.7882751885323,0.0
2025-05-24 08:48:56,373.48,323.15,370.24152343750006,323.34101562499995,346.79126953125,46.90050781250011,0.17,0.29,0.45999999999999996,0.11999999999999997,0.5079101562499773,-0.7126367187500477,753.892425301793,1.3908930338546397
2025-05-24 08:48:57,427.17,329.67,384.47364257812507,324.92326171875,354.6984521484375,59.55038085937508,0.19,0.51,0.7,0.32,7.907182617187516,7.399272460937539,506.7113506244099,4.191546012463735
2025-05-24 08:48:58,375.11,329.67,382.13273193359385,326.1099462890625,354.1213391113282,56.022785644531325,0.19,0.51,0.7,0.32,-0.5771130371093136,-8.48429565429683,505.88690460631943,4.628563254904474
2025-05-24 08:48:59,375.11,328.04,380.37704895019544,326.5924597167969,353.4847543334962,53.78458923339855,0.19,0.61,0.8,0.42,-0.6365847778320131,-0.05947174072269945,441.855390597632,4.169132599347973
2025-05-24 08:49:00,378.36,326.41,379.87278671264664,326.5468447875977,353.2098157501222,53.32594192504894,0.19,0.61,0.8,0.42,-0.27493858337402344,0.3616461944579896,441.5117177980054,3.221706052420295
2025-05-24 08:49:01,371.85,332.93,377.86709003448493,328.14263359069827,353.00486181259157,49.724456443786664,0.19,0.7,0.8899999999999999,0.51,-0.20495393753060398,0.06998464584341946,396.6342305374843,0.69717068012019
2025-05-24 08:49:02,378.36,328.04,377.9903175258637,328.1169751930237,353.0536463594437,49.873342332840025,0.24,0.7,0.94,0.45999999999999996,0.04878454685211864,0.2537384843827226,375.58858592644447,0.4573358425187014
2025-05-24 08:49:03,375.11,331.3,377.2702381443978,328.9127313947678,353.0914847695828,48.35750674963003,0.24,0.8,1.04,0.56,0.03783841013910205,-0.010946136713016585,339.5107165950637,0.19210876105080044
2025-05-24 08:49:04,379.99,329.67,377.95017860829836,329.1020485460758,353.52611357718706,48.84813006222254,0.24,0.8,1.04,0.56,0.4346288076042697,0.39679039746516764,339.9286285082294,0.20923522883955425
2025-05-24 08:49:05,381.61,375.31,378.86513395622376,340.65403640955685,359.7595851828903,38.211097546666906,0.24,0.85,1.0899999999999999,0.61,6.233471605703244,5.798842798098974,330.0543625032366,2.9547485576815196
2025-05-24 08:49:06,383.24,329.67,379.9588504671678,337.90802730716763,358.9334388871677,42.050823160000164,0.19,0.9,1.09,0.71,-0.8261462957225945,-7.059617901425838,329.2964308171898,3.3713867984355743
2025-05-24 08:49:07,381.61,331.3,380.3716378503758,336.2560204803757,358.31382916537575,44.11561737000011,0.19,0.9,1.09,0.71,-0.61960972179196,0.2065365739306344,328.7279820526548,3.1640794428591055
2025-05-24 08:49:08,386.49,331.3,381.9012283877818,335.0170153602818,358.4591218740318,46.88421302750004,0.19,1.0,1.19,0.81,0.1452927086560294,0.7649024304479894,301.2258997043127,2.4540381258900976
2025-05-24 08:49:09,384.87,334.56,382.6434212908364,334.90276152021136,358.77309140552387,47.74065977062503,0.19,1.0,1.19,0.81,0.3139695314920914,0.168676822836062,301.489739425029,0.5657877582995517
2025-05-24 08:49:10,383.24,331.3,382.7925659681273,334.00207114015853,358.3973185541429,48.79049482796876,0.22,1.09,1.31,0.8700000000000001,-0.3757728513809866,-0.689742382873078,273.58553051039115,0.2650125629052109
2025-05-24 08:49:11,388.12,329.67,384.12442447609544,332.91905335511893,358.5217389156072,51.20537112097651,0.22,1.09,1.31,0.8700000000000001,0.12442036146433111,0.5001932128453177,273.680507813053,0.17441471640629702
2025-05-24 08:49:12,389.75,334.56,385.53081835707155,333.3292900163392,359.4300541867054,52.20152834073235,0.12,1.17,1.29,1.0499999999999998,0.9083152710981608,0.7838949096338297,278.62773299145147,0.42379655009298
2025-05-24 08:49:13,388.12,334.56,386.17811376780367,333.6369675122544,359.907540640029,52.54114625554928,0.12,1.17,1.29,1.0499999999999998,0.4774864533236496,-0.4308288177745112,278.99787724197813,0.6426207628747707
2025-05-24 08:49:14,393.0,337.82,387.8835853258528,334.6827256341908,361.2831554800218,53.200859691662004,0.14,1.26,1.4,1.12,1.3756148399927497,0.8981283866691001,258.0592124434353,1.1750754703909936
2025-05-24 08:49:15,388.12,336.19,387.9426889943895,335.0595442256431,361.5011166100163,52.88314476874643,0.14,1.26,1.4,1.12,0.21796112999453499,-1.1576537099982147,258.21489885365537,1.2585344816733641
2025-05-24 08:49:16,394.63,336.19,389.6145167457921,335.34215816923233,362.4783374575122,54.27235857655978,0.19,1.36,1.55,1.1700000000000002,0.9772208474959143,0.7592597175013793,233.8568410326911,1.2392544656342588
2025-05-24 08:49:17,389.75,331.3,389.6483875593441,334.33161862692424,361.9900030931342,55.31676893241985,0.19,1.36,1.55,1.1700000000000002,-0.48833436437803357,-1.4655552118739479,233.5417868073209,0.9691617072687165
2025-05-24 08:49:18,407.64,339.45,394.14629066950806,335.6112139701932,364.8787523198506,58.53507669931486,0.22,1.46,1.68,1.24,2.8887492267164134,3.377083591094447,217.18960424419427,1.4465760405235726
2025-05-24 08:49:19,391.37,337.82,393.4522180021311,336.1634104776449,364.807814239888,57.288807524486174,0.22,1.46,1.68,1.24,-0.07093807996261603,-2.9596873066790295,217.14737922173143,1.6008362000695597
2025-05-24 08:49:20,388.12,336.19,392.11916350159834,336.1700578582337,364.144610679916,55.949105643364646,0.22,1.56,1.78,1.34,-0.6632035599719757,-0.5922654800093596,204.57550904741964,1.3437725109057808
2025-05-24 08:49:21,389.75,341.08,391.5268726261987,337.3975433936753,364.462208009937,54.129329232523446,0.24,1.56,1.8,1.32,0.31759733002098756,0.9808008899929632,202.4788919616917,1.1919882291832051
2025-05-24 08:49:22,394.63,368.79,392.30265446964904,345.24565754525645,368.77415600745275,47.05699692439259,0.24,1.85,2.09,1.61,4.311947997515745,3.994350667494757,176.44688017252275,1.9014373299220644
2025-05-24 08:49:23,462.97,388.35,409.9694908522368,356.0217431589423,382.99561700558957,53.9477476932945,0.07,2.94,3.01,2.87,14.22146099813682,9.909513000621075,127.24102649985484,8.025931142361404
2025-05-24 08:49:24,475.99,407.91,426.4746181391776,368.99380736920676,397.7342127541922,57.480810769970844,0.17,4.01,4.18,3.84,14.73859574860262,0.5171347504658002,95.15170277571518,14.547203947106503
2025-05-24 08:49:25,490.65,419.33,442.5184636043832,381.57785552690507,412.04815956564414,60.940608077478146,0.02,5.11,5.13,5.090000000000001,14.313946811451956,-0.4246489371506641,80.3212630106006,19.89129075815963
2025-05-24 08:49:26,497.16,430.74,456.17884770328743,393.8683916451788,425.02361967423315,62.31045605810863,0.1,6.18,6.279999999999999,6.08,12.975460108589004,-1.3384867028629515,67.67890955339548,22.386568737759617
2025-05-24 08:49:27,516.7,442.16,471.3091357774656,405.94129373388415,438.62521475567485,65.36784204358145,0.24,7.25,7.49,7.01,13.601595081441701,0.6261349728526966,58.561436073997164,21.91308085643475
2025-05-24 08:49:28,523.21,463.36,484.2843518330992,420.29597030041316,452.2901610667562,63.98838153268605,0.27,8.35,8.62,8.08,13.664946311081337,0.06335122963963613,52.46985018525593,21.45617146966126
2025-05-24 08:49:29,537.87,473.15,497.6807638748244,433.5094777253099,465.59512080006715,64.17128614951446,0.46,9.42,9.88,8.959999999999999,13.304959733310966,-0.35998657777037124,47.12500745698985,21.24504775820203
2025-05-24 08:49:30,554.16,496.0,511.8005729061183,449.13210829398247,480.4663406000504,62.668464612135836,0.83,10.49,11.32,9.66,14.871219799983237,1.566260066672271,42.4440192717342,21.800537037101346
2025-05-24 08:49:31,560.67,515.58,524.0179296795887,465.7440812204868,494.8810054500378,58.27384845910194,0.92,11.56,12.48,10.64,14.414664849987389,-0.4565549499958479,39.65392354135531,22.249717122906212
2025-05-24 08:49:32,583.48,525.37,538.8834472596916,480.6505609153651,509.76700408752833,58.232886344326516,1.14,12.63,13.770000000000001,11.49,14.885998637490559,0.4713337875031698,37.02011380300759,22.810482728038956
2025-05-24 08:49:33,598.15,536.8,553.7000854447687,494.6879206865238,524.1940030656463,59.012164758244865,1.46,13.7,15.16,12.239999999999998,14.426998978117922,-0.45899965937263687,34.577438554631115,23.163768569058337
2025-05-24 08:49:34,612.82,556.39,568.4800640835765,510.1134405148929,539.2967522992346,58.36662356868362,1.65,14.75,16.4,13.1,15.102749233588384,0.6757502554704615,32.88394630581026,23.239274908156638
2025-05-24 08:49:35,625.85,572.71,582.8225480626824,525.7625803861697,554.2925642244261,57.059967676512656,1.97,15.82,17.79,13.85,14.995811925191447,-0.10693730839693671,31.157534180263738,23.457298754145377
2025-05-24 08:49:36,638.89,587.41,596.8394110470117,541.1744352896272,569.0069231683194,55.66497575738447,2.07,16.86,18.93,14.79,14.71435894389333,-0.28145298129811636,30.05847295878745,23.492906441125093
2025-05-24 08:49:37,647.04,598.84,609.3895582852588,555.5908264672205,582.4901923762396,53.79873181803828,2.41,17.93,20.34,15.52,13.483269207920216,-1.2310897359731143,28.637667833754758,23.13797630477661
2025-05-24 08:49:38,668.24,613.54,624.1021687139441,570.0781198504153,597.0901442821797,54.02404886352883,2.6,18.98,21.580000000000002,16.38,14.599951905940088,1.116682698019872,27.668680102571805,22.73784725362252
2025-05-24 08:49:39,679.65,623.34,637.9891265354581,583.3935898878115,610.6913582116348,54.59553664764667,2.85,20.05,22.900000000000002,17.2,13.60121392945507,-0.9987379764850175,26.66774373554109,22.277332388054806
2025-05-24 08:49:40,682.92,641.31,649.2218449015936,597.8726924158586,623.5472686587261,51.349152485734976,3.14,21.1,24.240000000000002,17.96,12.855910447091333,-0.7453034823637381,25.7238961606778,21.710713962012974
2025-05-24 08:49:41,692.7,652.75,660.0913836761952,611.592019311894,635.8417014940446,48.49936436430119,3.33,22.14,25.47,18.810000000000002,12.294432835318503,-0.5614776117728297,24.96433751588956,21.06674429581757
2025-05-24 08:49:42,705.75,669.09,671.5060377571464,625.9665144839205,648.7362761205334,45.53952327322588,3.48,23.19,26.67,19.71,12.894574626488748,0.6001417911702447,24.324568871239762,20.31147185783364
2025-05-24 08:49:43,731.85,693.6,686.5920283178598,642.8748858629403,664.7334570904001,43.71714245491944,3.82,24.24,28.06,20.419999999999998,15.99718096986669,3.1026063433779427,23.689716086980898,21.100513167889115
2025-05-24 08:49:44,741.63,705.04,700.3515212383949,658.4161643972052,679.3838428178001,41.93535684118967,3.92,25.28,29.200000000000003,21.36,14.650385727400021,-1.3467952424666692,23.266569162713385,22.25578904432071
2025-05-24 08:49:45,754.69,714.85,713.9361409287961,672.5246232979039,693.2303821133501,41.41151763089226,3.94,26.33,30.27,22.389999999999997,13.846539295549974,-0.8038464318500473,22.901564559358622,23.004049785041477
2025-05-24 08:49:46,767.74,724.66,727.387105696597,685.5584674734279,706.4727865850125,41.82863822316915,4.09,27.35,31.44,23.26,13.24240447166244,-0.6041348238875344,22.470507764456254,22.779587592428214
2025-05-24 08:49:47,777.53,741.01,739.9228292724476,699.421350605071,719.6720899387593,40.50147866737666,4.23,28.4,32.629999999999995,24.169999999999998,13.199303353746814,-0.043101117915625764,22.055533799669803,21.661672052886427
2025-05-24 08:49:48,790.59,758.99,752.5896219543358,714.3135129538032,733.4515674540695,38.27610900053264,4.31,29.42,33.730000000000004,25.110000000000003,13.779477515310191,0.5801741615633773,21.744783448244473,21.27935430674015
2025-05-24 08:49:49,800.38,767.17,764.537216465752,727.5276347153524,746.0324255905522,37.00958175039955,4.43,30.47,34.9,26.04,12.580858136482675,-1.198619378827516,21.376286653703886,20.96471474486196
2025-05-24 08:49:50,811.81,780.25,776.355412349314,740.7082260365144,758.5318191929141,35.64718631279959,4.55,31.49,36.04,26.939999999999998,12.49939360236192,-0.08146453412075516,21.046942234904883,20.634359517149598
2025-05-24 08:49:51,834.67,793.34,790.9340592619855,753.8661695273859,772.4001143946857,37.06788973459959,4.7,32.53,37.230000000000004,27.830000000000002,13.868295201771616,1.3689015994096962,20.74671215815132,20.643607012366786
2025-05-24 08:49:52,837.93,806.43,802.683044446489,767.0071271455394,784.8450857960142,35.67591730094966,4.79,33.56,38.35,28.770000000000003,12.44497140132853,-1.423323800443086,20.46532112987466,20.424357303124328
2025-05-24 08:49:53,855.89,829.33,815.9847833348667,782.5878453591545,799.2863143470106,33.39693797571226,4.94,34.58,39.519999999999996,29.639999999999997,14.441228550996357,1.9962571496678265,20.224855620499877,21.006939023474338
2025-05-24 08:49:54,862.43,835.88,827.59608750115,795.9108840193659,811.753485760258,31.68520348178413,4.94,35.6,40.54,30.66,12.467171413247343,-1.9740571377490141,20.023519135094695,21.08633041953501
2025-05-24 08:49:55,882.02,852.24,841.2020656258625,809.9931630145245,825.5976143201935,31.208902611337976,4.96,36.62,41.58,31.659999999999997,13.844128559935598,1.3769571466882553,19.855642002514468,21.082174121680648
2025-05-24 08:49:56,896.73,863.7,855.0840492193969,823.4198722608933,839.251960740145,31.664176958503617,5.04,37.65,42.69,32.61,13.65434641995148,-0.18978213998411775,19.659216235205644,21.36904613208398
2025-05-24 08:49:57,909.79,866.97,868.7605369145476,834.30740419567,851.5339705551088,34.45313271887767,5.11,38.67,43.78,33.56,12.282009814963772,-1.3723366049877086,19.45029582240322,20.874723768827092
2025-05-24 08:49:58,924.5,883.34,882.6954026859107,846.5655531467526,864.6304779163316,36.12984953915816,5.13,39.66,44.79,34.529999999999994,13.096507361222848,0.8144975462590764,19.304095972588428,20.827175621555806
2025-05-24 08:49:59,935.94,901.35,896.006552014433,860.2616648600643,878.1341084372486,35.74488715436871,5.26,40.69,45.949999999999996,35.43,13.503630520917,0.4071231596941516,19.110643946172033,20.628809456530867
2025-05-24 08:50:00,945.74,916.08,908.4399140108249,874.2162486450483,891.3280813279366,34.22366536577658,5.3,41.68,46.98,36.38,13.193972890687974,-0.3096576302290259,18.972500262993538,20.676688229245432
2025-05-24 08:50:01,960.45,927.55,921.4424355081187,887.5496864837862,904.4960609959525,33.89274902433249,5.33,42.71,48.04,37.38,13.167979668015846,-0.02599322267212756,18.827977563862927,20.969554177192993
2025-05-24 08:50:02,976.8,942.28,935.281826631089,901.2322648628397,918.2570457469643,34.049561768249305,5.38,43.7,49.080000000000005,38.32,13.760984751011847,0.593005082996001,18.70939337892361,21.12699296277223
2025-05-24 08:50:03,994.78,947.2,950.1563699733167,912.7241986471297,931.4402843102232,37.43217132618702,5.43,44.73,50.16,39.3,13.183238563258897,-0.5777461877529504,18.569383288294258,21.11532528704893
2025-05-24 08:50:04,1004.59,963.58,963.7647774799875,925.4381489853472,944.6014632326674,38.32662849464032,5.47,45.72,51.19,40.25,13.16117892244415,-0.022059640814745762,18.4528510408247,21.107402449230648
2025-05-24 08:50:05,1011.13,979.96,975.6060831099907,939.0686117390104,957.3373474245005,36.537471370980256,5.52,46.72,52.239999999999995,41.2,12.735884191833179,-0.4252947306109718,18.325752854110792,20.877229290451076
2025-05-24 08:50:06,1030.75,997.98,989.392062332493,953.7964588042578,971.5942605683754,35.59560352823519,5.62,47.72,53.339999999999996,42.1,14.25691314387484,1.5210289520416609,18.21511515472929,20.96454664456878
2025-05-24 08:50:07,1042.2,1012.73,1002.5940467493697,968.5298441031933,985.5619454262815,34.06420264617634,5.62,48.72,54.339999999999996,43.1,13.967684857906079,-0.28922828596876116,18.136951183094045,21.387998036987007
2025-05-24 08:50:08,1048.74,1019.28,1014.1305350620273,981.217383077395,997.6739590697111,32.91315198463235,5.62,49.72,55.339999999999996,44.1,12.112013643429691,-1.8556712144763878,18.02807988871759,21.253402412951033
2025-05-24 08:50:09,1065.1,1042.23,1026.8729012965205,996.4705373080462,1011.6717193022833,30.402363988474235,5.64,50.69,56.33,45.05,13.997760232572205,1.8857465891425136,17.959731960634677,21.313096633034707
2025-05-24 08:50:10,1083.1,1055.34,1040.9296759723902,1011.1879029810348,1026.0587894767125,29.741772991355447,5.69,51.69,57.379999999999995,46.0,14.387070174429141,0.38930994185693635,17.881818954250498,21.35986156713998
2025-05-24 08:50:11,1097.82,1073.38,1055.1522569792926,1026.7359272357762,1040.9440921075343,28.41632974351637,5.74,52.68,58.42,46.94,14.885302630821798,0.4982324563926568,17.818282682116596,22.017004620925846
2025-05-24 08:50:12,1110.91,1094.69,1069.0916927344695,1043.724445426832,1056.4080690806509,25.3672473076374,5.77,53.66,59.42999999999999,47.89,15.463976973116587,0.5786743422947893,17.775669717398305,23.206273031991365
2025-05-24 08:50:13,1120.73,1107.81,1082.0012695508522,1059.7458340701241,1070.8735518104882,22.25543548072801,5.77,54.66,60.42999999999999,48.89,14.465482729837277,-0.9984942432793105,17.720892505205953,23.521510181252882
2025-05-24 08:50:14,1132.19,1112.73,1094.5484521631392,1072.9918755525932,1083.7701638578662,21.556576610546017,5.77,55.63,61.400000000000006,49.86,12.896612047378085,-1.5688706824591918,17.65097957991672,22.994405025879658
2025-05-24 08:50:15,1145.28,1112.73,1107.2313391223545,1082.926406664445,1095.0788728933999,24.304932457909445,5.79,56.6,62.39,50.81,11.308709035533639,-1.5879030118444462,17.552153475576958,21.486072947417778
2025-05-24 08:50:16,1163.29,1137.33,1121.246004341766,1096.5273049983339,1108.88665467005,24.718699343432036,5.79,57.58,63.37,51.79,13.807781776650017,2.499072741116379,17.498605604725334,20.4376655254293
2025-05-24 08:50:17,1174.75,1155.38,1134.6220032563244,1111.2404787487503,1122.9312410025373,23.381524507574113,5.81,58.55,64.36,52.739999999999995,14.04458633248737,0.23680455583735238,17.447657295756372,20.448953261815326
2025-05-24 08:50:18,1122.37,1165.22,1131.5590024422434,1124.7353590615628,1128.147180751903,6.823643380680551,5.81,59.52,65.33,53.71,5.215939749365816,-8.828646583121554,17.268439667587074,18.597017410703494
2025-05-24 08:50:19,1120.73,1181.63,1128.8517518316826,1138.959019296172,1133.9053855639272,10.107267464489496,5.81,60.5,66.31,54.69,5.7582048120241325,0.5422650626583163,17.100065879412778,15.720003629727787
2025-05-24 08:50:20,1179.66,1183.27,1141.553813873762,1150.036764472129,1145.7952891729456,8.482950598367097,5.81,61.47,67.28,55.66,11.889903609018347,6.131698796994215,17.030250775010327,13.6249541338585
2025-05-24 08:50:21,1200.95,1193.12,1156.4028604053215,1160.8075733540968,1158.6052168797091,4.404712948775341,5.79,62.44,68.23,56.65,12.809927706763574,0.9200240977452268,16.98087644582783,14.371648254313637
2025-05-24 08:50:22,1215.69,1157.02,1171.224645303991,1159.8606800155726,1165.5426626597819,11.363965288418513,5.81,62.88,68.69,57.07,6.937445780072721,-5.872481926690853,16.968156146333175,15.851303769264044
2025-05-24 08:50:23,1220.61,1158.66,1183.5709839779934,1159.5605100116795,1171.5657469948364,24.01047396631384,5.81,62.88,68.69,57.07,6.023084335054591,-0.9143614450181303,17.055841169587936,15.23355202104111
2025-05-24 08:50:24,1230.43,1207.89,1195.285737983495,1171.6428825087596,1183.4643102461273,23.64285547473537,5.81,63.39,69.2,57.58,11.898563251290852,5.875478916236261,17.10208516104107,14.089431278116193
2025-05-24 08:50:25,1245.18,1229.23,1207.7593034876213,1186.0396618815698,1196.8994826845956,21.719641606051482,5.81,64.36,70.17,58.55,13.435172438468271,1.5366091871774188,17.057139313488047,15.174188282122872
2025-05-24 08:50:26,1248.45,1244.0,1217.931977615716,1200.5297464111773,1209.2308620134468,17.402231204538793,5.86,65.31,71.17,59.45,12.331379328851199,-1.1037931096170723,16.990738302974687,17.95534564876843
2025-05-24 08:50:27,1273.03,1257.14,1231.706483211787,1214.682309808383,1223.194396510085,17.024173403403893,5.86,66.29,72.15,60.43000000000001,13.963534496638204,1.6321551677870048,16.953491054145445,20.40700470356099
2025-05-24 08:50:28,1273.03,1278.49,1242.0373624088402,1230.6342323562872,1236.3357973825637,11.403130052553024,5.86,67.24,73.1,61.379999999999995,13.141400872478698,-0.8221336241595054,16.91293817331909,20.879841372813438
2025-05-24 08:50:29,1284.5,1281.77,1252.65302180663,1243.4181742672154,1248.0355980369227,9.234847539414659,5.86,68.19,74.05,62.33,11.699800654359024,-1.4416002181196745,16.85395788228177,20.464289652849974
2025-05-24 08:50:30,1297.61,1296.55,1263.8922663549724,1256.7011307004116,1260.2966985276921,7.191135654560867,5.86,69.13,74.99,63.269999999999996,12.261100490769422,0.5612998364103987,16.80619658249761,20.088419852275695
2025-05-24 08:50:31,1307.45,1303.12,1274.7816997662294,1268.3058480253087,1271.543773895769,6.475851740920689,5.86,70.11,75.97,64.25,11.247075368076821,-1.0140251226926011,16.737445796476546,19.084158574267107
2025-05-24 08:50:32,1320.56,1312.98,1286.2262748246721,1279.4743860189815,1282.8503304218268,6.751888805690669,5.86,71.06,76.92,65.2,11.306556526057875,0.05948115798105391,16.677721187520874,18.428577343306678
2025-05-24 08:50:33,1340.23,1339.27,1299.727206118504,1294.423289514236,1297.07524781637,5.303916604267897,5.84,72.01,77.85000000000001,66.17,14.224917394543127,2.9183608684852516,16.66121041946255,19.091606949942612
2025-05-24 08:50:34,1345.15,1340.91,1311.0829045888781,1306.044967135677,1308.5639358622775,5.037937453201039,5.84,72.96,78.8,67.11999999999999,11.488688045907566,-2.736229348635561,16.606141107311377,19.31743436555014
2025-05-24 08:50:35,1356.63,1355.7,1322.4696784416587,1318.4587253517577,1320.4642018967083,4.010953089901022,5.84,73.9,79.74000000000001,68.06,11.900266034430842,0.41157798852327687,16.55962108524062,19.54787151263434
2025-05-24 08:50:36,1364.83,1368.85,1333.059758831244,1331.0565440138184,1332.0581514225312,2.003214817425487,5.84,74.83,80.67,68.99,11.593949525822836,-0.3063165086080062,16.512435042891983,19.275115547496586
2025-05-24 08:50:37,1323.84,1386.93,1330.754819123433,1345.0249080103638,1337.8898635668984,14.270088886930807,5.84,75.78,81.62,69.94,5.831712144367202,-5.762237381455634,16.391691340053995,16.724766483527766
2025-05-24 08:50:38,1320.56,1381.99,1328.206114342575,1354.2661810077727,1341.236147675174,26.060066665197837,5.84,76.73,82.57000000000001,70.89,3.3462841082755403,-2.485428036091662,16.24362518386277,13.453748804177835
2025-05-24 08:50:39,1314.0,1408.3,1324.6545857569313,1367.7746357558296,1346.2146107563804,43.12004999889837,5.81,77.65,83.46000000000001,71.84,4.978463081206428,1.6321789729308875,16.130057448194616,9.890815407447672
2025-05-24 08:50:40,1323.84,1408.3,1324.4509393176984,1377.9059768168722,1351.1784580672852,53.45503749917384,5.81,78.6,84.41,72.78999999999999,4.963847310904839,-0.014615770301588782,16.007326644472915,7.381043748730052
2025-05-24 08:50:41,1373.03,1360.63,1336.5957044882737,1373.5869826126543,1355.091343550464,36.99127812438064,5.81,78.92,84.73,73.11,3.9128854831787976,-1.0509618277260415,15.99305237291882,7.026110630620857
2025-05-24 08:50:42,1330.4,1372.13,1335.0467783662052,1373.2227369594907,1354.134757662848,38.175958593285486,5.81,78.92,84.73,73.11,-0.9565858876160291,-4.869471370794827,15.981762559672907,5.801316884315921
2025-05-24 08:50:43,1328.76,1416.52,1333.475083774654,1384.047052719618,1358.7610682471359,50.571968944964055,5.81,79.53,85.34,73.72,4.626310584287921,5.58289647190395,15.92173719621981,4.695261071456992
2025-05-24 08:50:44,1335.32,1373.78,1333.9363128309903,1381.4802895397136,1357.708301185352,47.54397670872322,5.81,79.55,85.36,73.74,-1.0527670617839249,-5.679077646071846,15.905673445169617,3.005801831249584
2025-05-24 08:50:45,1327.12,1377.06,1332.2322346232427,1380.3752171547853,1356.303725889014,48.14298253154266,5.81,79.55,85.36,73.74,-1.4045752963379528,-0.3518082345540279,15.889218720709879,1.880124223483394
2025-05-24 08:50:46,1333.68,1385.28,1332.594175967432,1381.6014128660888,1357.0977944167603,49.007236898656856,5.81,79.82,85.63,74.00999999999999,0.7940685277462762,2.198643824084229,15.848391668438266,1.7399195065908173
2025-05-24 08:50:47,1330.4,1381.99,1332.045631975574,1381.6985596495665,1356.8720958125703,49.65292767399251,5.81,79.82,85.63,74.00999999999999,-0.22569860419002907,-1.0197671319363053,15.845755926273672,0.9362388958375298
2025-05-24 08:50:48,1338.59,1377.06,1333.6817239816805,1380.5389197371746,1357.1103218594276,46.857195755494104,5.81,79.96,85.77,74.14999999999999,0.23822604685733495,0.463924651047364,15.822668835685658,0.5056878324008739
2025-05-24 08:50:49,1332.04,1377.06,1333.2712929862605,1379.6691898028807,1356.4702413945706,46.39789681662023,5.81,79.96,85.77,74.14999999999999,-0.6400804648569647,-0.8783065117142996,15.815206081139847,0.3677482075749618
2025-05-24 08:50:50,1345.15,1383.64,1336.2409697396954,1380.6618923521607,1358.451431045928,44.42092261246535,5.81,80.13,85.94,74.32,1.9811896513574538,2.6212701162144185,15.806974810786052,0.7457606654136393
2025-05-24 08:50:51,1330.4,1373.78,1334.7807273047715,1378.9414192641204,1356.8610732844459,44.160691959348924,5.81,80.13,85.94,74.32,-1.5903577614822098,-3.5715474128396636,15.788469368117019,0.7612542745112765
2025-05-24 08:50:52,1351.71,1385.28,1339.0130454785785,1380.5260644480902,1359.7695549633345,41.51301896951168,5.81,80.21,86.02,74.39999999999999,2.90848167888862,4.49883944037083,15.807597525642143,1.3607205549840806
2025-05-24 08:50:53,1341.87,1375.42,1339.7272841089339,1379.2495483360676,1359.4884162225007,39.522264227133746,5.81,80.21,86.02,74.39999999999999,-0.2811387408337396,-3.1896204197223597,15.80432923062278,1.4975976366266683
2025-05-24 08:50:54,1340.23,1424.74,1339.8529630817004,1390.6221612520508,1365.2375621668757,50.769198170350364,5.81,80.35,86.16,74.53999999999999,5.749145944374959,6.030284685208699,15.845375421558732,3.161899632836911
2025-05-24 08:50:55,1335.32,1385.28,1338.7197223112753,1389.286620939038,1364.0031716251565,50.56689862776261,5.81,80.38,86.19,74.57,-1.2343905417192218,-6.983536486094181,15.82553841280448,3.4597572064188524
2025-05-24 08:50:56,1341.87,1375.42,1339.5072917334564,1385.8199657042785,1362.6636287188676,46.31267397082206,5.81,80.38,86.19,74.57,-1.339542906288898,-0.10515236456967614,15.809996669090046,2.5469414318258186
2025-05-24 08:50:57,1335.32,1380.35,1338.4604688000923,1384.4524742782087,1361.4564715391505,45.992005478116425,5.84,80.45,86.29,74.61,-1.2071571797171146,0.13238572657178338,15.777685198301834,2.231296666523602
2025-05-24 08:50:58,1336.95,1386.93,1338.0828516000693,1385.0718557086566,1361.577353654363,46.989004108587324,5.84,80.45,86.29,74.61,0.12088211521245285,1.3280392949295674,15.779086080371732,1.6226384363562154
2025-05-24 08:50:59,1348.43,1377.06,1340.669638700052,1383.0688917814923,1361.8692652407722,42.39925308144029,5.84,80.52,86.36,74.67999999999999,0.29191158640924186,0.17102947119678902,15.769676348669474,1.054909110194781
2025-05-24 08:51:00,1341.87,1386.93,1340.969729025039,1384.0341688361193,1362.5019489305791,43.06443981108032,5.84,80.52,86.36,74.67999999999999,0.6326836898069814,0.34077210339773956,15.77700246819797,0.5437272850853486
2025-05-24 08:51:01,1348.43,1390.21,1342.8347967687794,1385.5781266270894,1364.2064616979344,42.74332985831006,5.84,80.6,86.44,74.75999999999999,1.7045127673552543,1.0718290775482728,15.782119920358799,1.1282933479590893
2025-05-24 08:51:02,1346.79,1386.93,1343.8235975765845,1385.916094970317,1364.8698462734508,42.09249739373263,5.84,80.6,86.44,74.75999999999999,0.6633845755163748,-1.0411281918388795,15.789794429473119,1.4579343042046002
2025-05-24 08:51:03,1345.15,1377.06,1344.1551981824382,1383.7020712277376,1363.928634705088,39.546873045299435,5.84,80.67,86.51,74.83,-0.9412115683628599,-1.6045961438792347,15.766138237648244,1.2461569945445299
2025-05-24 08:51:04,1346.79,1383.64,1344.8138986368285,1383.6865534208034,1364.250226028816,38.872654783974895,5.84,80.67,86.51,74.83,0.3215913237281711,1.262802892091031,15.769855626620743,0.8802448069155168
2025-05-24 08:51:05,1351.71,1386.93,1346.5379239776214,1384.4974150656026,1365.5176695216119,37.95949108798118,5.84,80.82,86.66,74.97999999999999,1.2674434927957918,0.9458521690676207,15.757185019206403,0.6388582496712673
2025-05-24 08:51:06,1345.15,1388.57,1346.1909429832162,1385.5155612992019,1365.853252141209,39.32461831598562,5.84,80.82,86.66,74.97999999999999,0.33558261959706215,-0.9318608731987297,15.761057424188225,0.8147974240475911
2025-05-24 08:51:07,1350.07,1383.64,1347.1607072374122,1385.0466709744014,1366.1036891059068,37.8859637369892,5.84,80.89,86.73,75.05,0.250436964697883,-0.08514565489917914,15.751224182574457,0.9796338849344555
2025-05-24 08:51:08,1350.07,1385.28,1347.8880304280592,1385.105003230801,1366.4965168294302,37.21697280274179,5.84,80.89,86.73,75.05,0.39282772352339634,0.14239075882551333,15.755753500215343,0.8573870745788802
2025-05-24 08:51:09,1354.99,1390.21,1349.6635228210444,1386.3812524231007,1368.0223876220725,36.71772960205635,5.84,81.06,86.9,75.22,1.5258707926423085,1.1330430691189122,15.74248989504698,0.9755369193034709
2025-05-24 08:51:10,1345.15,1385.28,1348.5351421157834,1386.1059393173255,1367.3205407165544,37.570797201542064,5.84,81.06,86.9,75.22,-0.7018469055180958,-2.2277176981604043,15.734413406008526,0.8986357495376097
2025-05-24 08:51:11,1354.99,1442.82,1350.1488565868376,1400.284454487994,1375.2166555374158,50.135597901156416,5.84,81.13,86.97,75.28999999999999,7.896114820861385,8.59796172637948,15.81254041307204,3.755059439923231
2025-05-24 08:51:12,1351.71,1391.86,1350.5391424401282,1398.1783408659956,1374.3587416530618,47.639198425867335,5.84,81.13,86.97,75.28999999999999,-0.8579138843540477,-8.754028705215433,15.8026759325099,4.158624024516089
2025-05-24 08:51:13,1371.39,1390.21,1355.7518568300961,1396.1862556494966,1375.9690562397964,40.434398819400485,5.84,81.13,86.97,75.28999999999999,1.610314586734603,2.4682284710886506,15.821191680103539,4.160083911414957
2025-05-24 08:51:14,1350.07,1393.5,1354.3313926225721,1395.5146917371226,1374.9230421798475,41.18329911455044,5.84,81.3,87.14,75.46,-1.0460140599489023,-2.656328646683505,15.778322543051697,3.534641257320492
2025-05-24 08:51:15,1389.43,1390.21,1363.1060444669292,1394.188518802842,1378.6472816348855,31.08247433591282,5.84,81.3,87.14,75.46,3.7242394550380595,4.770253514986962,15.821061117900213,1.6822254129386276
2025-05-24 08:51:16,1350.07,1390.21,1359.8470333501969,1393.1938891021316,1376.5204612261641,33.346855751934754,5.84,81.47,87.31,75.63,-2.1268204087214144,-5.851059863759474,15.765896752494186,1.665717730539164
2025-05-24 08:51:17,1358.27,1393.5,1359.4527750126476,1393.2704168265986,1376.3615959196231,33.81764181395101,5.84,81.47,87.31,75.63,-0.15886530654097442,1.96795510218044,15.764077197978994,1.359949961441088
2025-05-24 08:51:18,1358.27,1391.86,1359.1570812594857,1392.9178126199488,1376.0374469397173,33.76073136046307,5.84,81.52,87.36,75.67999999999999,-0.3241489799058854,-0.165283673364911,15.751344221478629,1.3538023651874223
2025-05-24 08:51:19,1358.27,1390.21,1358.9353109446142,1392.2408594649617,1375.588085204788,33.30554852034743,5.84,81.52,87.36,75.67999999999999,-0.44936173492919806,-0.12521275502331264,15.7462004287842,1.1821765426247446
2025-05-24 08:51:20,1354.99,1383.64,1357.9489832084607,1390.0906445987214,1374.019813903591,32.14166139026065,5.84,81.59,87.43,75.75,-1.5682713011970009,-1.1189095662678028,15.715655932608202,1.0074889917470302
2025-05-24 08:51:21,1358.27,1395.14,1358.0292374063456,1391.3529834490412,1374.6911104276933,33.323746042695575,5.84,81.59,87.43,75.75,0.6712965241022175,2.2395678252992184,15.723334035278041,0.968966585144555
2025-05-24 08:51:22,1363.19,1395.14,1359.319428054759,1392.299737586781,1375.8095828207702,32.98030953202192,5.84,81.67,87.51,75.83,1.1184723930768996,0.4471758689746821,15.72174113928727,0.8472102810872468
2025-05-24 08:51:23,1361.55,1381.99,1359.8770710410693,1389.7223031900858,1374.7996871155774,29.84523214901651,5.84,81.67,87.51,75.83,-1.0098957051927755,-2.128368098269675,15.710200793113662,0.7238592444792475
2025-05-24 08:51:24,1358.27,1400.08,1359.475303280802,1392.3117273925643,1375.8935153366833,32.8364241117622,5.84,81.74,87.58,75.89999999999999,1.0938282211059231,2.1037239262986986,15.710133587880222,0.7970198310128271
2025-05-24 08:51:25,1361.55,1386.93,1359.9939774606016,1390.9662955444232,1375.4801365025123,30.97231808382162,5.84,81.74,87.58,75.89999999999999,-0.41337883417099874,-1.507207055276922,15.705413573842188,0.5611119133167766
2025-05-24 08:51:26,1361.55,1393.5,1360.3829830954512,1391.5997216583173,1375.9913523768842,31.216738562866112,5.84,81.91,87.75,76.07,0.5112158743718282,0.924594708542827,15.680812953801382,0.4842438696241285
2025-05-24 08:51:27,1359.91,1400.08,1360.2647373215884,1393.719791243738,1376.9922642826632,33.455053922149546,5.86,81.91,87.77,76.05,1.0009119057790485,0.4896960314072203,15.688643597972197,0.800760026512049
2025-05-24 08:51:28,1364.83,1398.43,1361.4060529911912,1394.8973434328036,1378.1516982119974,33.491290441612364,5.86,81.91,87.77,76.05,1.1594339293342273,0.15852202355517875,15.701853509287274,1.0766943195922045
2025-05-24 08:51:29,1354.99,1395.14,1359.8020397433934,1394.9580075746028,1377.3800236589982,35.15596783120941,5.86,81.98,87.84,76.12,-0.7716745529992295,-1.9311084823334568,15.68055564638482,1.0719640374577002
2025-05-24 08:51:30,1366.47,1400.08,1361.469029807545,1396.2385056809521,1378.8537677442487,34.769475873407146,5.86,81.98,87.84,76.12,1.4737440852504733,2.245418638249703,15.697333242792753,1.0956936801208503
2025-05-24 08:51:31,1363.19,1396.79,1361.899272355659,1396.376379260714,1379.1378258081863,34.47710690505505,5.86,82.06,87.92,76.2,0.284058063937664,-1.1896860213128093,15.686280824862438,0.9210478720671144
2025-05-24 08:51:32,1369.75,1388.57,1363.8619542667443,1394.4247844455354,1379.1433693561398,30.562830178791046,5.86,82.06,87.92,76.2,0.005543547953493544,-0.27851451598417043,15.686343877044996,0.7609208045308309
2025-05-24 08:51:33,1366.47,1400.08,1364.5139657000582,1395.8385883341516,1380.176277017105,31.32462263409343,5.86,82.13,87.99,76.27,1.0329076609650656,1.027364113011572,15.685603606449613,1.0062084686164796
2025-05-24 08:51:34,1364.83,1396.79,1364.5929742750436,1396.0764412506137,1380.3347077628287,31.48346697557008,5.86,82.13,87.99,76.27,0.1584307457237628,-0.8744769152413028,15.687404160420781,0.6756106861163178
2025-05-24 08:51:35,1368.11,1386.93,1365.4722307062827,1393.7898309379602,1379.6310308221214,28.31760023167749,5.89,82.2,88.09,76.31,-0.7036769407072825,-0.8621076864310453,15.661607619031829,0.5610589689317477
2025-05-24 08:51:36,1409.11,1393.5,1376.381673029712,1393.7173732034703,1385.049523116591,17.33570017375837,5.89,82.2,88.09,76.31,5.4184922944696154,6.122169235176898,15.723118485565585,2.3849766921565485
2025-05-24 08:51:37,1359.91,1395.14,1372.2637547722838,1394.073029902603,1383.1683923374435,21.809275130319065,5.89,82.28,88.17,76.39,-1.8811307791474974,-7.299623073617113,15.687517031302331,2.336554374680193
2025-05-24 08:51:38,1363.19,1395.14,1369.995316079213,1394.3397724269523,1382.1675442530827,24.344456347739424,5.89,82.28,88.17,76.39,-1.0008480843607686,0.8802826947867288,15.676165686479722,2.1825070516402327
2025-05-24 08:51:39,1361.55,1400.08,1367.8839870594097,1395.7748293202142,1381.829408189812,27.890842260804448,5.89,82.35,88.24,76.46,-0.33813606327066736,0.6627120210901012,15.659897920783253,1.9781589347314015
2025-05-24 08:51:40,1358.27,1390.21,1365.4804902945575,1394.3836219901607,1379.9320561423592,28.90313169560318,5.89,82.35,88.24,76.46,-1.8973520474528414,-1.559215984182174,15.638395744605209,1.8759290876089794
2025-05-24 08:51:41,1368.11,1400.08,1366.137867720918,1395.8077164926206,1380.9727921067692,29.66984877170262,5.89,82.42,88.31,76.53,1.0407359644100325,2.938088011862874,15.63778480884367,1.2256661618920919
2025-05-24 08:51:42,1373.03,1405.01,1367.8609007906884,1398.1082873694654,1382.984594080077,30.24738657877697,5.91,82.42,88.33,76.51,2.0118019733076835,0.971066008897651,15.657020020639159,1.1688328138337039
2025-05-24 08:51:43,1371.39,1395.14,1368.7431755930163,1397.3662155270993,1383.0546955600578,28.623039934082954,5.91,82.49,88.39999999999999,76.58,0.07010147998084904,-1.9417004933268345,15.64541493116112,1.3361904619377742
2025-05-24 08:51:44,1364.83,1398.43,1367.7648816947622,1397.6321616453245,1382.6985216700432,29.867279950562306,5.91,82.49,88.39999999999999,76.58,-0.3561738900145883,-0.42627536999543736,15.641385814803819,1.4031883485504406
2025-05-24 08:51:45,1363.19,1405.01,1366.6211612710717,1399.4766212339935,1383.0488912525325,32.855459962921714,5.91,82.57,88.47999999999999,76.66,0.35036958248929295,0.7065434725038813,15.631203386317013,0.8947216744961215
2025-05-24 08:51:46,1368.11,1405.01,1366.9933709533036,1400.859965925495,1383.9266684393992,33.86659497219148,5.91,82.57,88.47999999999999,76.66,0.8777771868667514,0.5274076043774585,15.641124014447055,0.46190995966329235
2025-05-24 08:51:47,1366.47,1413.23,1366.8625282149778,1403.9524744441214,1385.4075013295496,37.08994622914361,5.91,82.64,88.55,76.73,1.4808328901503955,0.6030557032836441,15.645482616420859,1.0935949816799515
2025-05-24 08:51:48,1366.47,1405.01,1366.7643961612334,1404.2168558330911,1385.4906259971622,37.452459671857696,5.91,82.64,88.55,76.73,0.08312466761253745,-1.397708222537858,15.646421347834455,1.2982076595723946
2025-05-24 08:51:49,1368.11,1460.92,1367.1007971209249,1418.3926418748183,1392.7467194978717,51.29184475389343,5.91,82.66,88.57,76.75,7.2560935007095395,7.172968833097002,15.724813184747191,3.8425091503495135
2025-05-24 08:51:50,1359.91,1408.3,1365.3030978406937,1415.869481406114,1390.586289623404,50.56638356542021,5.91,82.71,88.61999999999999,76.8,-2.160429874467809,-9.416523375177348,15.691562558472597,3.812857874530172
2025-05-24 08:51:51,1368.11,1408.3,1366.0048233805203,1413.9771110545855,1389.990967217553,47.97228767406523,5.91,82.71,88.61999999999999,76.8,-0.5953224058509932,1.5651074686168158,15.684844860445816,3.2648493777789787
2025-05-24 08:51:52,1373.03,1398.43,1367.7611175353902,1410.0903332909393,1388.9257254131649,42.32921575554906,5.91,82.79,88.7,76.88000000000001,-1.0652418043880516,-0.46991939853705844,15.658688948753957,2.662497941890198
2025-05-24 08:51:53,1373.03,1405.01,1369.0783381515425,1408.8202499682045,1388.9492940598734,39.74191181666197,5.91,82.79,88.7,76.88000000000001,0.023568646708554297,1.088810451096606,15.658954660664248,1.5699375610437878
2025-05-24 08:51:54,1371.39,1408.3,1369.6562536136569,1408.6901874761534,1389.1732205449052,39.0339338624965,5.91,82.86,88.77,76.95,0.223926485031825,0.2003578383232707,15.649129265470046,0.734468720850736
2025-05-24 08:51:55,1364.83,1403.36,1368.4496902102426,1407.357640607115,1387.9036654086788,38.907950396872366,5.91,82.86,88.77,76.95,-1.2695551362264723,-1.4934816212582973,15.634827641926904,0.7452190984365484
2025-05-24 08:51:56,1371.39,1401.72,1369.184767657682,1405.9482304553362,1387.5664990565092,36.763462797654256,5.91,82.93,88.84,77.02000000000001,-0.3371663521695609,0.9323887840569114,15.618713230952228,0.7182103439290112
2025-05-24 08:51:57,1371.39,1408.3,1369.7360757432616,1406.536172841502,1388.1361242923817,36.800097098240485,5.91,82.93,88.84,77.02000000000001,0.569625235872536,0.9067915880420969,15.625125041279341,0.6884015343352
2025-05-24 08:51:58,1364.83,1400.08,1368.5095568074462,1404.9221296311266,1386.7158432192864,36.41257282368042,5.91,83.01,88.92,77.10000000000001,-1.4202810730953388,-1.9899063089678748,15.595094777599996,0.8930711775822903
2025-05-24 08:51:59,1366.47,1409.94,1367.9996676055846,1406.1765972233452,1387.0881324144648,38.17692961776061,5.91,83.01,88.92,77.10000000000001,0.3722891951783822,1.792570268273721,15.599281565622844,0.582011226343132
2025-05-24 08:52:00,1364.83,1411.58,1367.2072507041885,1407.5274479175089,1387.3673493108486,40.3201972133204,5.91,83.08,88.99,77.17,0.27921689638378666,-0.09307229879459555,15.590148710200022,0.5321703349431006
2025-05-24 08:52:01,1359.91,1406.65,1365.3829380281413,1407.3080859381316,1386.3455119831365,41.9251479099903,5.91,83.08,88.99,77.17,-1.0218373277120918,-1.3010542240958785,15.578666101859428,0.6814174959420818
2025-05-24 08:52:02,1364.83,1406.65,1365.244703521106,1407.1435644535986,1386.1941339873524,41.89886093249265,5.91,83.15,89.06,77.24000000000001,-0.15137799578405975,0.870459331928032,15.564721742899513,0.49216697175548546
2025-05-24 08:52:03,1366.47,1393.5,1365.5510276408295,1403.732673340199,1384.6418504905141,38.18164569936948,5.91,83.15,89.06,77.24000000000001,-1.5522834968382995,-1.4009055010542397,15.547292105807568,1.062940896510183
2025-05-24 08:52:04,1359.91,1400.08,1364.140770730622,1402.8195050051493,1383.4801378678858,38.67873427452719,5.91,83.22,89.13,77.31,-1.161712622628329,0.3905708742099705,15.522047821674386,1.5365549802526683
2025-05-24 08:52:05,1369.75,1409.94,1365.5430780479664,1404.599628753862,1385.0713534009142,39.05655070589546,5.91,83.22,89.13,77.31,1.5912155330283895,2.7529281556567184,15.539900570638547,1.1802804278171837
2025-05-24 08:52:06,1366.47,1413.23,1365.774808535975,1406.7572215653963,1386.2660150506856,40.98241302942142,5.91,83.3,89.21,77.39,1.194661649771433,-0.3965538832569564,15.539356568897311,1.160461473177316
2025-05-24 08:52:07,1366.47,1413.23,1365.9486064019814,1408.3754161740471,1387.1620112880141,42.42680977206578,5.91,83.3,89.21,77.39,0.895996237328518,-0.2986654124429151,15.549400243679116,1.4313161159628165
2025-05-24 08:52:08,1366.47,1414.87,1366.0789548014861,1409.9990621305353,1388.0390084660107,43.92010732904919,5.91,83.37,89.28,77.46000000000001,0.8769971779965999,-0.018999059331918033,15.547031730723331,1.7881981708099213
2025-05-24 08:52:09,1371.39,1409.94,1367.4067161011146,1409.9842965979014,1388.695506349508,42.57758049678682,5.91,83.37,89.28,77.46000000000001,0.6564978834971953,-0.22049929449940464,15.55438497754394,1.4342243816746505
2025-05-24 08:52:10,1368.11,1447.76,1367.582537075836,1419.4282224484261,1393.505379762131,51.8456853725902,5.91,83.39,89.3,77.48,4.809873412623119,4.153375529125924,15.60476331643189,2.8201355101975967
2025-05-24 08:52:11,1371.39,1414.87,1368.534402806877,1418.2886668363196,1393.4115348215983,49.75426402944254,5.91,83.44,89.35,77.53,-0.09384494053279013,-4.903718353155909,15.594980629285034,3.057584478586315
2025-05-24 08:52:12,1361.55,1414.87,1366.7883021051578,1417.4340001272396,1392.1111511161987,50.64569802208189,5.91,83.44,89.35,77.53,-1.300383705399554,-1.2065387648667638,15.580426810696945,2.6119408871458583
2025-05-24 08:52:13,1368.11,1413.23,1367.1187265788683,1416.38300009543,1391.750863337149,49.264273516561616,5.91,83.52,89.42999999999999,77.61,-0.3602877790497132,0.9400959263498407,15.56246055881347,1.9491958009177934
2025-05-24 08:52:14,1368.11,1411.58,1367.366544934151,1415.1822500715725,1391.2743975028618,47.815705137421446,5.91,83.52,89.42999999999999,77.61,-0.4764658342871826,-0.11617805523746938,15.55713275126612,1.002034360142749
2025-05-24 08:52:15,1369.75,1413.23,1367.9624087006132,1414.6941875536795,1391.3282981271464,46.73177885306632,5.91,83.59,89.5,77.68,0.05390062428455167,0.5303664585717343,15.545567403146134,0.8719910441913798
2025-05-24 08:52:16,1364.83,1413.23,1367.1793065254599,1414.3281406652595,1390.7537235953596,47.148834139799646,5.91,83.59,89.5,77.68,-0.5745745317867659,-0.6284751560713175,15.539147576047062,0.5142685761220658
2025-05-24 08:52:17,1371.39,1408.3,1368.231979894095,1412.8211054989447,1390.5265426965198,44.58912560484964,5.91,83.66,89.57,77.75,-0.2271808988398334,0.3473936329469325,15.524467200759771,0.4876823746836416
2025-05-24 08:52:18,1371.39,1414.87,1369.0214849205713,1413.3333291242086,1391.17740702239,44.31184420363729,5.91,83.66,89.57,77.75,0.650864325870316,0.8780452247101493,15.531733744453014,0.35306936455135185
2025-05-24 08:52:19,1369.75,1401.72,1369.2036136904285,1410.4299968431565,1389.8168052667925,41.226383152727976,5.91,83.74,89.64999999999999,77.83,-1.3606017555975995,-2.0114660814679155,15.50269704142884,0.5986589154755163
2025-05-24 08:52:20,1371.39,1411.58,1369.7502102678216,1410.7174976323672,1390.2338539500943,40.967287364545655,5.91,83.74,89.64999999999999,77.83,0.41704868330180034,1.7776504388993999,15.507349006611772,0.5151541827883747
2025-05-24 08:52:21,1368.11,1416.52,1369.340157700866,1412.1681232242754,1390.7541404625708,42.827965523409375,5.91,83.81,89.72,77.9,0.5202865124765594,0.1032378291747591,15.501049096762392,0.5152052056879068
2025-05-24 08:52:22,1361.55,1411.58,1367.3926182756495,1412.0210924182065,1389.706855346928,44.628474142557025,5.91,83.81,89.72,77.9,-1.0472851156428078,-1.5675716281193672,15.489376280177796,0.6242216713789672
2025-05-24 08:52:23,1369.75,1414.87,1367.9819637067371,1412.7333193136549,1390.3576415101961,44.75135560691774,5.91,83.88,89.78999999999999,77.97,0.6507861632680942,1.698071278910902,15.484548680539566,0.4241702962073035
2025-05-24 08:52:24,1369.75,1405.01,1368.4239727800527,1410.8024894852413,1389.613231132647,42.37851670518853,5.91,83.88,89.78999999999999,77.97,-0.7444103775492295,-1.3951965408173237,15.476258109548825,0.4738696122084795
2025-05-24 08:52:25,1368.11,1416.52,1368.3454795850396,1412.231867113931,1390.2886733494852,43.88638752889142,5.91,83.88,89.78999999999999,77.97,0.6754422168382916,1.419852594387521,15.483780575406,0.4774032456979584
2025-05-24 08:52:26,1364.83,1416.52,1367.4666096887797,1413.3039003354484,1390.3852550121142,45.837290646668635,5.91,83.88,89.78999999999999,77.97,0.09658166262897794,-0.5788605542093137,15.484856214804077,0.37764159027725075
2025-05-24 08:52:27,1374.67,1413.23,1369.2674572665849,1413.2854252515863,1391.2764412590855,44.017967985001405,5.91,84.0,89.91,78.09,0.8911862469713014,0.7946045843423235,15.474101054220714,0.5916754291751167
2025-05-24 08:52:28,1371.39,1418.16,1369.7980929499388,1414.5040689386897,1392.1510809443143,44.70597598875088,5.91,84.0,89.91,78.09,0.8746396852288854,-0.016546561742416088,15.483829000783956,0.9846348786736547
2025-05-24 08:52:29,1371.39,1418.16,1370.1960697124541,1415.4180517040172,1392.8070607082357,45.2219819915631,5.91,84.0,89.91,78.09,0.655979763921323,-0.2186599213075624,15.491124960706381,1.0979855942420433
2025-05-24 08:52:30,1373.03,1419.8,1370.9045522843405,1416.513538778013,1393.7090455311768,45.608986493672546,5.91,84.0,89.91,78.09,0.9019848229411309,0.24600505901980796,15.50115704626871,1.2946345843212888
2025-05-24 08:52:31,1371.39,1418.16,1371.0259142132554,1416.9251540835098,1393.9755341483826,45.899239870254405,5.91,84.0,89.91,78.09,0.2664886172058232,-0.6354962057353077,15.50412099481995,1.1123527324265226
2025-05-24 08:52:32,1371.39,1416.52,1371.1169356599416,1416.8238655626324,1393.970400611287,45.70692990269072,5.91,84.0,89.91,78.09,-0.005133537095616703,-0.2716221543014399,15.504063898423125,0.8114102597255105
2025-05-24 08:52:33,1358.27,1418.16,1367.9052017449562,1417.1578991719743,1392.5315504584653,49.25269742701812,5.91,84.0,89.91,78.09,-1.4388501528217148,-1.433716615726098,15.488060671453729,0.68152016645538
2025-05-24 08:52:34,1371.39,1418.16,1368.7764013087174,1417.4084243789807,1393.0924128438492,48.63202307026336,5.91,84.0,89.91,78.09,0.5608623853838708,1.9997125382055856,15.494298713708714,0.6295550238665749
2025-05-24 08:52:35,1363.19,1414.87,1367.3798009815382,1416.7738182842356,1392.076809632887,49.39401730269742,5.91,84.0,89.91,78.09,-1.0156032109621265,-1.5764655963459973,15.48300293793665,0.8499946488937445
2025-05-24 08:52:36,1358.27,1416.52,1365.1023507361538,1416.7103637131768,1390.9063572246653,51.60801297702301,5.91,84.0,89.91,78.09,-1.170452408221763,-0.15484919725963664,15.469984893278617,1.143635818805818
2025-05-24 08:52:37,1363.19,1408.3,1364.6242630521153,1414.6077727848826,1389.616017918499,49.98350973276729,5.91,84.0,89.91,78.09,-1.2903393061662882,-0.11988689794452512,15.455633438581533,1.390125530765685
2025-05-24 08:52:38,1371.39,1413.23,1366.3156972890865,1414.2633295886621,1390.2895134388743,47.947632299575616,5.91,84.0,89.91,78.09,0.6734955203753543,1.9638348265416425,15.463124212832279,1.394109145381555
2025-05-24 08:52:39,1368.11,1409.94,1366.7642729668148,1413.1824971914966,1389.9733850791558,46.41822422468181,5.91,84.0,89.91,78.09,-0.3161283597185047,-0.989623880093859,15.459608159487797,0.9654385191690614
2025-05-24 08:52:40,1371.39,1416.52,1367.9207047251111,1414.0168728936223,1390.9687888093667,46.09616816851121,5.91,84.0,89.91,78.09,0.99540373021091,1.3115320899294147,15.470679271924007,0.5866550880646546
2025-05-24 08:52:41,1369.75,1419.8,1368.3780285438334,1415.4626546702168,1391.920341607025,47.084626126383455,5.91,84.12,90.03,78.21000000000001,0.9515527976582234,-0.04385093255268657,15.460627859006966,0.9118409390500403
2025-05-24 08:52:42,1368.11,1419.8,1368.311021407875,1416.5469910026627,1392.4290062052687,48.235969594787775,5.91,84.12,90.03,78.21000000000001,0.5086645982437403,-0.4428881994144831,15.4662778044984,1.046574236345993
2025-05-24 08:52:43,1364.83,1419.8,1367.4407660559061,1417.3602432519972,1392.4005046539517,49.919477196091066,5.91,84.12,90.03,78.21000000000001,-0.028501551317049234,-0.5371661495607896,15.465961226124518,1.0554633874147512
2025-05-24 08:52:44,1368.11,1421.45,1367.6080745419295,1418.3826824389978,1392.9953784904637,50.774607897068336,5.91,84.12,90.03,78.21000000000001,0.5948738365120789,0.6233753878291282,15.472568732843442,0.7587828699191616
2025-05-24 08:52:45,1369.75,1421.45,1368.143555906447,1419.1495118292482,1393.6465338678477,51.00595592280115,5.91,84.12,90.03,78.21000000000001,0.6511553773839296,0.056281540871850666,15.47980138162886,0.6617843593769333
2025-05-24 08:52:46,1358.27,1413.23,1365.6751669298355,1417.6696338719362,1391.6724004008859,51.994466942100644,5.91,84.12,90.03,78.21000000000001,-1.9741334669618027,-2.6252888443457323,15.457873874741885,0.7377158205074442
2025-05-24 08:52:47,1369.75,1419.8,1366.6938751973767,1418.2022254039523,1392.4480503006644,51.50835020657564,5.91,84.12,90.03,78.21000000000001,0.7756498997785002,2.749783366740303,15.466489335045818,0.7364747498729771
2025-05-24 08:52:48,1366.47,1419.8,1366.6379063980326,1418.6016690529643,1392.6197877254986,51.96376265493177,5.91,84.12,90.03,78.21000000000001,0.1717374248341912,-0.603912474944309,15.468396892781314,0.7256498335419421
2025-05-24 08:52:49,1366.47,1409.94,1366.5959297985244,1416.4362517897234,1391.516090794124,49.84032199119906,5.91,84.12,90.03,78.21000000000001,-1.103696931374543,-1.2754343562087342,15.456137680084264,0.8534154474523773
2025-05-24 08:52:50,1369.75,1418.16,1367.3844473488932,1416.8671888422925,1392.1258180955929,49.48274149339932,5.91,84.12,90.03,78.21000000000001,0.6097273014688653,1.7134242328434084,15.462910170306372,0.47775474664788214
2025-05-24 08:52:51,1366.47,1419.8,1367.15583551167,1417.6003916317195,1392.3781135716947,50.44455612004958,5.91,84.12,90.03,78.21000000000001,0.25229547610183545,-0.3574318253670299,15.465712519226727,0.43045499003842974
2025-05-24 08:52:52,1377.95,1411.58,1369.8543766337523,1416.0952937237896,1392.974835178771,46.24091709003733,5.91,84.12,90.03,78.21000000000001,0.5967216070762333,0.3444261309743979,15.472340549888154,0.5490884956776991
2025-05-24 08:52:53,1377.95,1409.94,1371.878282475314,1414.5564702928423,1393.2173763840783,42.67818781752817,5.91,84.12,90.03,78.21000000000001,0.24254120530736145,-0.3541804017688719,15.475034554137997,0.6794264485467721
2025-05-24 08:52:54,1376.31,1416.52,1372.9862118564856,1415.0473527196318,1394.0167822880587,42.06114086314619,5.91,84.12,90.03,78.21000000000001,0.7994059039804142,0.5568646986730528,15.483913882085359,0.7443430595911047
2025-05-24 08:52:55,1374.67,1416.52,1373.4071588923644,1415.415514539724,1394.4113367160442,42.00835564735962,5.91,84.12,90.03,78.21000000000001,0.39455442798544027,-0.40485147599497395,15.488296359299653,0.81571904508724
2025-05-24 08:52:56,1374.67,1418.16,1373.7228691692733,1416.101635904793,1394.912252537033,42.378766735519775,5.91,84.12,90.03,78.21000000000001,0.5009158209888938,0.10636139300345349,15.493860235956602,0.809544803254548
2025-05-24 08:52:57,1371.39,1416.52,1373.139651876955,1416.2062269285948,1394.6729394027748,43.0665750516398,5.91,84.12,90.03,78.21000000000001,-0.23931313425828193,-0.7402289552471757,15.491202087210626,0.6640996036195028
2025-05-24 08:52:58,1373.03,1414.87,1373.1122389077161,1415.8721701964462,1394.4922045520811,42.75993128873006,5.91,84.12,90.03,78.21000000000001,-0.18073485069362505,0.058578283564656886,15.489194591390499,0.33214281970492054
2025-05-24 08:52:59,1371.39,1414.87,1372.6816791807871,1415.6216276473347,1394.151653414061,42.93994846654755,5.91,84.12,90.03,78.21000000000001,-0.340551138020146,-0.15981628732652098,15.485411950779174,0.2851253237350257
2025-05-24 08:53:00,1363.19,1416.52,1370.3087593855903,1415.846220735501,1393.0774900605456,45.5374613499107,5.91,84.12,90.03,78.21000000000001,-1.0741633535153596,-0.7336122154952136,15.47348077959641,0.7176230663230452
2025-05-24 08:53:01,1373.03,1414.87,1370.9890695391925,1415.6021655516258,1393.2956175454092,44.61309601243329,5.91,84.12,90.03,78.21000000000001,0.21812748486354394,1.2922908383789036,15.475903610679836,0.7152025874138225
2025-05-24 08:53:02,1371.39,1416.52,1371.0893021543945,1415.8316241637194,1393.4604631590569,44.74232200932488,5.91,84.12,90.03,78.21000000000001,0.16484561364768524,-0.0532818712158587,15.477734618253052,0.599978886769961
2025-05-24 08:53:03,1373.03,1416.52,1371.574476615796,1416.0037181227895,1393.7890973692927,44.42924150699355,5.91,84.12,90.03,78.21000000000001,0.32863421023580486,0.16378859658811962,15.481384892679193,0.4227969360570377
2025-05-24 08:53:04,1368.11,1408.3,1370.7083574618468,1414.0777885920922,1392.3930730269694,43.3694311302454,5.91,84.12,90.03,78.21000000000001,-1.3960243423232441,-1.724658552559049,15.465878680007673,0.5220416052461904
2025-05-24 08:53:05,1373.03,1411.58,1371.2887680963852,1413.453341444069,1392.3710547702271,42.16457334768393,5.91,84.25,90.16,78.34,-0.022018256742285303,1.3740060855809588,15.443334508949565,0.645540304702433
2025-05-24 08:53:06,1371.39,1416.52,1371.314076072289,1414.2200060830519,1392.7670410776705,42.90593001076286,5.91,84.25,90.16,78.34,0.39598630744330876,0.41800456418559406,15.447726548690595,0.6409538539860437
2025-05-24 08:53:07,1373.03,1419.8,1371.7430570542167,1415.615004562289,1393.6790308082527,43.87194750807225,5.91,84.32,90.22999999999999,78.41,0.9119897305822633,0.5160034231389545,15.44584966599139,0.689557776687723
2025-05-24 08:53:08,1364.83,1418.16,1370.0147927906626,1416.2512534217167,1393.1330231061897,46.236460631054115,5.91,84.32,90.22999999999999,78.41,-0.5460077020629797,-1.457997432645243,15.439798378215578,0.5501611209562148
2025-05-24 08:53:09,1368.11,1408.3,1369.5385945929968,1414.2634400662876,1391.9010173296422,44.72484547329077,5.91,84.32,90.22999999999999,78.41,-1.2320057765475667,-0.685998074484587,15.42614431900142,0.6841818921143245
2025-05-24 08:53:10,1371.39,1416.52,1370.0014459447477,1414.8275800497158,1392.4145129972317,44.826134104968105,5.91,84.32,90.22999999999999,78.41,0.5134956675894955,1.7455014441370622,15.431835282781742,0.678092019450368
2025-05-24 08:53:11,1371.39,1416.52,1370.348584458561,1415.250685037287,1392.7996347479238,44.90210057872605,5.91,84.32,90.22999999999999,78.41,0.38512175069217847,-0.12837391689731703,15.436103505616984,0.6781058803371736
2025-05-24 08:53:12,1371.39,1416.52,1370.6089383439207,1415.5680137779655,1393.088476060943,44.959075434044735,5.91,84.32,90.22999999999999,78.41,0.28884131301924754,-0.09628043767293093,15.439304672743418,0.5154828234744976
2025-05-24 08:53:13,1369.75,1414.87,1370.3942037579404,1415.393510333474,1392.8938570457071,44.99930657553364,5.91,84.32,90.22999999999999,78.41,-0.1946190152359577,-0.48346032825520524,15.437147751397092,0.4706102102722423
2025-05-24 08:53:14,1363.19,1414.87,1368.5931528184556,1415.2626327501055,1391.9278927842806,46.6694799316499,5.91,84.32,90.22999999999999,78.41,-0.9659642614265067,-0.771345246190549,15.426442173975824,0.4603951115123423
2025-05-24 08:53:15,1371.39,1416.52,1369.2923646138418,1415.576974562579,1392.4346695882105,46.28460994873717,5.91,84.32,90.22999999999999,78.41,0.5067768039298244,1.472741065356331,15.432058674012545,0.4581755435005167
2025-05-24 08:53:16,1368.11,1418.16,1368.9967734603813,1416.2227309219343,1392.609752191158,47.22595746155298,5.91,84.44,90.35,78.53,0.17508260294744105,-0.33169420098238334,15.413500130355926,0.44824848517497207
2025-05-24 08:53:17,1363.19,1411.58,1367.5450800952858,1415.0620481914507,1391.3035641433682,47.516968096164874,5.91,84.44,90.35,78.53,-1.3061880477896466,-1.4812706507370876,15.399043151569732,0.6277503106092067
2025-05-24 08:53:18,1369.75,1419.8,1368.0963100714644,1416.2465361435882,1392.1714231075262,48.150226072123814,5.91,84.44,90.35,78.53,0.8678589641579038,2.1740470119475503,15.408648674032957,0.5099823127064252
2025-05-24 08:53:19,1368.11,1419.8,1368.0997325535982,1417.1349021076912,1392.6173173306447,49.035169554093045,5.91,84.44,90.35,78.53,0.4458942231185574,-0.42196474103934634,15.413583861837974,0.5472192184108959
2025-05-24 08:53:20,1371.39,1408.3,1368.9222994151987,1414.9261765807685,1391.9242379979837,46.00387716556975,5.91,84.44,90.35,78.53,-0.6930793326610001,-1.1389735557795575,15.405912812308479,0.546483773314961
2025-05-24 08:53:21,1359.91,1416.52,1366.669224561399,1415.3246324355764,1390.9969284984877,48.6554078741774,5.91,84.44,90.35,78.53,-0.9273094994960047,-0.23423016683500464,15.395649287247798,0.6543573040928606
2025-05-24 08:53:22,1361.55,1416.52,1365.3894184210492,1415.6234743266823,1390.5064463738659,50.23405590563311,5.91,84.44,90.35,78.53,-0.4904821246218489,0.4368273748741558,15.390220597494691,0.8684443298484317
2025-05-24 08:53:23,1371.39,1416.52,1366.889563815787,1415.8476057450116,1391.3685847803993,48.95804192922469,5.91,84.44,90.35,78.53,0.8621384065334041,1.352620531155253,15.399762804434273,0.8192038311124877
2025-05-24 08:53:24,1361.55,1416.52,1365.5546728618403,1416.0157043087588,1390.7851885852997,50.46103144691847,5.91,84.44,90.35,78.53,-0.5833961950995672,-1.4455346016329713,15.39330573538455,0.5505036751681904
2025-05-24 08:53:25,1369.75,1419.8,1366.6035046463803,1416.9617782315693,1391.7826414389747,50.358273585188954,5.91,84.44,90.35,78.53,0.9974528536749858,1.580849048774553,15.404345611894069,0.49986196336197847
2025-05-24 08:53:26,1369.75,1414.87,1367.3901284847852,1416.438833673677,1391.914481079231,49.048705188891745,5.91,84.44,90.35,78.53,0.13183964025643036,-0.8656132134185555,15.40580482206338,0.6135799725534491
2025-05-24 08:53:27,1366.47,1403.36,1367.160096363589,1413.1691252552575,1390.1646108094233,46.00902889166855,5.91,84.44,90.35,78.53,-1.7498702698078432,-1.8817099100642736,15.386437138051868,0.728427463932278
2025-05-24 08:53:28,1366.47,1416.52,1366.9875722726918,1414.006843941443,1390.4972081070673,47.019271668751344,5.91,84.44,90.35,78.53,0.33259729764404256,2.0824675674518858,15.390118347724949,0.7812597686435342
2025-05-24 08:53:29,1366.47,1416.52,1366.8581792045188,1414.6351329560825,1390.7466560803007,47.776953751563724,5.91,84.44,90.35,78.53,0.24944797323337298,-0.08314932441066958,15.392879254979762,0.784447421384133
2025-05-24 08:53:30,1368.11,1418.16,1367.171134403389,1415.516349717062,1391.3437420602254,48.34521531367295,5.91,84.44,90.35,78.53,0.5970859799247137,0.3476380066913407,15.399487843505675,0.6976879944126024
2025-05-24 08:53:31,1366.47,1409.94,1366.9958508025418,1414.1222622877967,1390.5590565451694,47.12641148525495,5.91,84.44,90.35,78.53,-0.7846855150560259,-1.3817714949807396,15.39080289047445,0.43505410393821925
2025-05-24 08:53:32,1377.95,1414.87,1369.7343881019062,1414.3091967158475,1392.021792408877,44.574808613941286,5.91,84.44,90.35,78.53,1.4627358637076213,2.2474213787636472,15.406992551210676,0.6457470206799435
2025-05-24 08:53:33,1376.31,1414.87,1371.3782910764298,1414.4493975368857,1392.9138443066577,43.071106460455894,5.91,84.44,90.35,78.53,0.8920518977806751,-0.5706839659269463,15.416865842720442,0.9678704874427678
2025-05-24 08:53:34,1376.31,1416.52,1372.6112183073224,1414.9670481526641,1393.7891332299932,42.35582984534176,5.91,84.44,90.35,78.53,0.8752889233355745,-0.016762974445100554,15.426553600480794,1.2712993457816768
2025-05-24 08:53:35,1377.95,1413.23,1373.9459137304918,1414.5327861144979,1394.239349922495,40.58687238400603,5.91,84.44,90.35,78.53,0.45021669250172636,-0.42507223083384815,15.431536629673031,1.4701220823231187
2025-05-24 08:53:36,1376.31,1414.87,1374.5369352978687,1414.6170895858734,1394.577012441871,40.08015428800468,5.91,84.44,90.35,78.53,0.3376625193759537,-0.11255417312577265,15.435273901567207,1.0390536485087694
2025-05-24 08:53:37,1371.39,1418.16,1373.7502014734016,1415.502817189405,1394.6265093314032,41.75261571600345,5.91,84.47,90.38,78.56,0.0494968895322927,-0.288165629843661,15.430698095825461,0.7075821984856149
2025-05-24 08:53:38,1369.75,1421.45,1372.7501511050511,1416.9896128920539,1394.8698819985525,44.23946178700271,5.91,84.47,90.38,78.56,0.24337266714928774,0.19387577761699504,15.433390867063085,0.418425454198699
2025-05-24 08:53:39,1371.39,1421.45,1372.4101133287884,1418.1047096690404,1395.2574114989143,45.69459634025202,5.91,84.47,90.38,78.56,0.38752950036177936,0.14415683321249162,15.437678646395616,0.37792464623317346
2025-05-24 08:53:40,1366.47,1421.45,1370.9250849965913,1418.9410322517804,1394.9330586241858,48.015947255189076,5.91,84.47,90.38,78.56,-0.3243528747284472,-0.7118823750902266,15.434089878182077,0.27281401481800927
2025-05-24 08:53:41,1371.39,1418.16,1371.0413137474436,1418.7457741888352,1394.8935439681395,47.704460441391575,5.91,84.47,90.38,78.56,-0.03951465604632176,0.28483821868212544,15.433652672432917,0.22543777717738797
2025-05-24 08:53:42,1376.31,1421.45,1372.3584853105826,1419.4218306416262,1395.8901579761045,47.06334533104359,5.91,84.47,90.38,78.56,0.9966140079650359,1.0361286640113576,15.444679603135926,0.43269538283133396
2025-05-24 08:53:43,1366.47,1419.8,1370.8863639829372,1419.5163729812198,1395.2013684820786,48.63000899828262,5.91,84.47,90.38,78.56,-0.6887894940259685,-1.6854035019910043,15.437058564339678,0.3995704209314193
2025-05-24 08:53:44,1364.83,1409.94,1369.372272987203,1417.122279735915,1393.247276361559,47.75000674871217,5.91,84.47,90.38,78.56,-1.95409212051959,-1.2653026264936216,15.415437717925663,0.972300757164228
2025-05-24 08:53:45,1364.83,1411.58,1368.2367047404023,1415.7367098019363,1391.9867072711693,47.50000506153401,5.91,84.47,90.38,78.56,-1.2605690903897084,0.6935230301298816,15.401490284019463,1.5919426932926242
2025-05-24 08:53:46,1371.39,1419.8,1369.0250285553018,1416.7525323514521,1392.888780453377,47.72750379615036,5.91,84.47,90.38,78.56,0.9020731822076868,2.1626422725973953,15.411471177715267,1.639151068596248
2025-05-24 08:53:47,1373.03,1419.8,1370.0262714164762,1417.5143992635892,1393.7703353400327,47.48812784711299,5.91,84.47,90.38,78.56,0.8815548866557492,-0.020518295551937626,15.421225048891433,1.1897854960665746
2025-05-24 08:53:48,1373.03,1416.52,1370.777203562357,1417.2657994476917,1394.0215015050244,46.48859588533469,5.91,84.47,90.38,78.56,0.2511661649916732,-0.630388721664076,15.42400405046493,0.8015392112255584
2025-05-24 08:53:49,1374.67,1418.16,1371.750402671768,1417.4893495857687,1394.6198761287683,45.738946914000735,5.91,84.47,90.38,78.56,0.5983746237438936,0.3472084587522204,15.430624703453681,1.0312316747258357
2025-05-24 08:53:50,1371.39,1419.8,1371.660302003826,1418.0670121893265,1394.8636570965764,46.406710185500515,5.91,84.47,90.38,78.56,0.24378096780810665,-0.35459365593578696,15.433321992290933,0.7766559675362822
2025-05-24 08:53:51,1373.03,1418.16,1372.0027265028696,1418.090259141995,1395.0464928224324,46.08753263912536,5.91,84.47,90.38,78.56,0.1828357258559663,-0.06094524195214035,15.43534495891887,0.547790090846962
2025-05-24 08:53:52,1371.39,1416.52,1371.8495448771523,1417.6976943564964,1394.7736196168244,45.8481494793441,5.91,84.47,90.38,78.56,-0.27287320560799344,-0.45570893146395974,15.432325782081199,0.3914479878324646
2025-05-24 08:53:53,1373.03,1419.8,1372.1446586578643,1418.2232707673722,1395.1839647126183,46.07861210950796,5.91,84.47,90.38,78.56,0.4103450957939003,0.6832183014018938,15.436866002165882,0.22238907072562492
2025-05-24 08:53:54,1371.39,1413.23,1371.9559939933984,1416.9749530755294,1394.4654735344639,45.018959082131005,5.91,84.47,90.38,78.56,-0.7184911781544088,-1.128836273948309,15.428916332214513,0.27506282597987974
2025-05-24 08:53:55,1368.11,1413.23,1370.9944954950486,1416.038714806647,1393.5166051508477,45.044219311598454,5.91,84.47,90.38,78.56,-0.9488683836161727,-0.23037720546176388,15.418417677942356,0.6637615976104452
2025-05-24 08:53:56,1364.83,1419.8,1369.4533716212864,1416.9790361049852,1393.216203863136,47.52566448369885,5.91,84.47,90.38,78.56,-0.300401287711793,0.6484670959043797,15.415093919540187,0.8363203153568906
2025-05-24 08:53:57,1364.83,1416.52,1368.2975287159647,1416.8642770787387,1392.5809028973517,48.56674836277398,5.91,84.47,90.38,78.56,-0.635300965784154,-0.334899678072361,15.40806469892993,1.0326265157109822
2025-05-24 08:53:58,1366.47,1414.87,1367.8406465369737,1416.365707809054,1392.1031771730138,48.525061272080166,5.91,84.47,90.38,78.56,-0.4777257243379154,0.15757524144623858,15.402778952978922,0.9062916856956299
2025-05-24 08:53:59,1364.83,1416.52,1367.0879849027303,1416.4042808567906,1391.7461328797604,49.31629595406025,5.91,84.47,90.38,78.56,-0.3570442932534661,0.12068143108444929,15.398828474008985,0.7400749371827813
2025-05-24 08:54:00,1369.75,1416.52,1367.7534886770477,1416.4332106425932,1392.0933496598204,48.67972196554547,5.91,84.47,90.38,78.56,0.34721678006008005,0.7042610733135461,15.402670217494471,0.5690014804254728
2025-05-24 08:54:01,1358.27,1408.3,1365.3826165077858,1414.3999079819448,1389.8912622448652,49.01729147415904,5.91,84.47,90.38,78.56,-2.2020874149552583,-2.5493041950153383,15.37830545327019,1.0446859875227466
2025-05-24 08:54:02,1371.39,1408.3,1366.8844623808393,1412.8749309864586,1389.879696683649,45.9904686056193,5.91,84.47,90.38,78.56,-0.01156556121622998,2.1905218537390283,15.378177487336485,1.1566823510247102
2025-05-24 08:54:03,1369.75,1413.23,1367.6008467856295,1412.9636982398438,1390.2822725127367,45.36285145421425,5.91,84.47,90.38,78.56,0.4025758290877093,0.41414139030393926,15.38263174518815,1.0614168553088776
2025-05-24 08:54:04,1359.91,1408.3,1365.678135089222,1411.7977736798828,1388.7379543845523,46.11963859066077,5.91,84.47,90.38,78.56,-1.5443181281843863,-1.9468939572720956,15.365544799944761,1.2170010154949478
2025-05-24 08:54:05,1363.19,1416.52,1365.0561013169167,1412.9783302599121,1389.0172157884144,47.92222894299539,5.91,84.47,90.38,78.56,0.279261403862165,1.8235795320465513,15.368634658329054,0.6526825038404571
2025-05-24 08:54:06,1366.47,1413.23,1365.4095759876875,1413.041247694934,1389.2254118413107,47.631671707246596,5.91,84.47,90.38,78.56,0.20819605289625542,-0.0710653509659096,15.37093822162395,0.6363487054363286
2025-05-24 08:54:07,1369.75,1414.87,1366.4946819907657,1413.4984357712005,1389.9965588809832,47.00375378043486,5.91,84.47,90.38,78.56,0.7711470396725417,0.5629509867762863,15.379470496808064,0.6588128330757274
2025-05-24 08:54:08,1371.39,1413.23,1367.7185114930744,1413.4313268284004,1390.5749191607374,45.71281533532601,5.91,84.47,90.38,78.56,0.5783602797541789,-0.1927867599183628,15.385869703196148,0.7567484135766854
2025-05-24 08:54:09,1358.27,1419.8,1365.356383619806,1415.0234951213004,1390.189939370553,49.667111501494446,5.91,84.56,90.47,78.65,-0.38497979018438855,-0.9633400699385675,15.366308433781857,0.6584237262276279
2025-05-24 08:54:10,1364.83,1421.45,1365.2247877148543,1416.6301213409752,1390.9274545279147,51.405333626120864,5.91,84.56,90.47,78.65,0.7375151573617131,1.1224949475461017,15.374460474781191,0.6441266561987231
2025-05-24 08:54:11,1368.11,1421.45,1365.9460907861408,1417.8350910057313,1391.890590895936,51.88900021959057,5.91,84.56,90.47,78.65,0.9631363680211962,0.22562121065948304,15.385106394504582,0.7481002347127248
2025-05-24 08:54:12,1358.27,1421.45,1364.0270680896056,1418.7388182542984,1391.3829431719519,54.71175016469283,5.91,84.56,90.47,78.65,-0.5076477239840642,-1.4707840920052604,15.379495167375447,0.6674052594505142
2025-05-24 08:54:13,1366.47,1414.87,1364.6378010672042,1417.7716136907238,1391.204707378964,53.13381262351959,5.91,84.56,90.47,78.65,-0.17823579298783443,0.3294119309962298,15.377525058046192,0.6269384944497233
2025-05-24 08:54:14,1369.75,1416.52,1365.9158508004032,1417.458710268043,1391.6872805342232,51.5428594676398,5.91,84.56,90.47,78.65,0.48257315525916056,0.660808948246995,15.382859126244767,0.38184092634241784
2025-05-24 08:54:15,1369.75,1421.45,1366.8743881003024,1418.456532701032,1392.6654604006671,51.582144600729634,5.91,84.56,90.47,78.65,0.978179866443952,0.4956067111847915,15.39367132758921,0.5684475359230816
2025-05-24 08:54:16,1359.91,1419.8,1365.1332910752267,1418.792399525774,1391.9628453005002,53.659108450547365,5.91,84.56,90.47,78.65,-0.702615100166895,-1.680794966610847,15.385905050454241,0.5732981451671215
2025-05-24 08:54:17,1364.83,1421.45,1365.05746830642,1419.4567996443304,1392.2571339753754,54.399331337910326,5.91,84.56,90.47,78.65,0.29428867487513344,0.9969037750420284,15.389157937285482,0.5546873035957818
2025-05-24 08:54:18,1361.55,1419.8,1364.180601229815,1419.542599733248,1391.8616004815315,55.361998503432915,5.91,84.56,90.47,78.65,-0.3955334938439137,-0.6898221687190471,15.384785952213392,0.38391304208505506
2025-05-24 08:54:19,1368.11,1421.45,1365.1629509223612,1420.019449799936,1392.5912003611486,54.85649887757472,5.91,84.56,90.47,78.65,0.7295998796171261,1.1251333734610398,15.392850502578735,0.3608429899465053
2025-05-24 08:54:20,1373.03,1413.23,1367.1297131917709,1418.3220873499517,1392.7259002708613,51.19237415818088,5.91,84.56,90.47,78.65,0.13469990971270818,-0.594899969904418,15.394339392909494,0.37810067543734815
2025-05-24 08:54:21,1374.67,1419.8,1369.0147848938282,1418.6915655124637,1393.8531752031458,49.676780618635576,5.91,84.56,90.47,78.65,1.1272749322845357,0.9925750225718275,15.406799599826973,0.747071276890326
2025-05-24 08:54:22,1373.03,1414.87,1370.018588670371,1417.7361741343477,1393.8773814023593,47.717585463976775,5.91,84.56,90.47,78.65,0.024206199213494983,-1.1030687330710407,15.407067160332621,0.8709564411480698
2025-05-24 08:54:23,1371.39,1418.16,1370.3614415027782,1417.8421306007608,1394.1017860517695,47.48068909798258,5.91,84.56,90.47,78.65,0.22440464941018945,0.20019845019669447,15.40954759193348,0.7123666666960861
2025-05-24 08:54:24,1376.31,1418.16,1371.8485811270834,1417.9215979505707,1394.885089538827,46.07301682348725,5.91,84.56,90.47,78.65,0.7833034870575375,0.558898837647348,15.418205749094964,0.7732546644428894
2025-05-24 08:54:25,1374.67,1419.8,1372.5539358453125,1418.391198462928,1395.4725671541203,45.83726261761558,5.91,84.56,90.47,78.65,0.58747761529321,-0.19582587176432753,15.424699366966077,0.7140678058862973
2025-05-24 08:54:26,1371.39,1419.8,1372.2629518839844,1418.743398847196,1395.5031753655903,46.480446963211534,5.91,84.56,90.47,78.65,0.030608211470052993,-0.556869403823157,15.42503769139552,0.7562489939997387
2025-05-24 08:54:27,1369.75,1411.58,1371.6347139129884,1416.952549135397,1394.2936315241927,45.317835222408576,5.91,84.56,90.47,78.65,-1.2095438413975899,-1.2401520528676429,15.411668134326568,0.649003346762484
2025-05-24 08:54:28,1376.31,1419.8,1372.8035354347412,1417.6644118515478,1395.2339736431445,44.860876416806605,5.91,84.56,90.47,78.65,0.9403421189517758,2.1498859603493656,15.422062100376726,0.5032973700697699
2025-05-24 08:54:29,1374.67,1418.16,1373.270151576056,1417.7883088886608,1395.5292302323583,44.5181573126049,5.91,84.56,90.47,78.65,0.29525658921375,-0.6450855297380258,15.425325685940452,0.5236999282493658
2025-05-24 08:54:30,1374.67,1416.52,1373.6201136820418,1417.4712316664954,1395.5456726742686,43.851117984453595,5.91,84.56,90.47,78.65,0.01644244191038524,-0.27881414730336473,15.425507430626299,0.5339058133022768
2025-05-24 08:54:31,1374.67,1416.52,1373.8825852615314,1417.2334237498717,1395.5580045057015,43.35083848834029,5.91,84.56,90.47,78.65,0.012331831432902618,-0.0041106104774826235,15.425643739140686,0.5416536102406151
2025-05-24 08:54:32,1371.39,1413.23,1373.2594389461485,1416.2325678124039,1394.7460033792763,42.973128866255365,5.91,84.56,90.47,78.65,-0.8120011264252298,-0.8243329578581324,15.416668375844015,0.34935334663269324
2025-05-24 08:54:33,1364.83,1416.52,1371.1520792096114,1416.3044258593031,1393.7282525344572,45.15234664969171,5.91,84.56,90.47,78.65,-1.0177508448191475,-0.20574971839391765,15.405418781132292,0.8013693651993636
2025-05-24 08:54:34,1373.03,1416.52,1371.6215594072085,1416.3583193944773,1393.989939400843,44.7367599872689,5.91,84.56,90.47,78.65,0.26168686638584404,1.2794377112049915,15.408311307533236,0.8516173099403476
2025-05-24 08:54:35,1373.03,1418.16,1371.9736695554063,1416.8087395458579,1394.3912045506322,44.83506999045153,5.91,84.56,90.47,78.65,0.4012651497891966,0.13957828340335254,15.412746646820887,0.7151894593000112
2025-05-24 08:54:36,1363.19,1416.52,1369.7777521665548,1416.7365546593933,1393.257153412974,46.95880249283846,5.91,84.56,90.47,78.65,-1.1340511376581617,-1.5353162874473583,15.400211539877999,0.5772342129198462
2025-05-24 08:54:37,1373.03,1416.52,1370.590814124916,1416.682415994545,1393.6366150597305,46.0916018696289,5.91,84.56,90.47,78.65,0.3794616467564538,1.5135127844146155,15.404405876592513,0.42193676876100167
2025-05-24 08:54:38,1364.83,1405.01,1369.150610593687,1413.7643119959089,1391.457461294798,44.61370140222198,5.91,84.56,90.47,78.65,-2.1791537649326074,-2.558615411689061,15.380318845081012,1.1364460663842744
2025-05-24 08:54:39,1373.03,1416.52,1370.1204579452651,1414.4532339969319,1392.2868459710985,44.33277605166677,5.91,84.56,90.47,78.65,0.8293846763006059,3.0085384412332132,15.389486355494775,1.150510709660031
2025-05-24 08:54:40,1364.83,1411.58,1368.7978434589488,1413.734925497699,1391.2663844783237,44.93708203875008,5.91,84.56,90.47,78.65,-1.020461492774757,-1.849846169075363,15.378206798940168,1.0545580122509692
2025-05-24 08:54:41,1371.39,1416.52,1369.4458825942118,1414.431194123274,1391.9385383587428,44.9853115290623,5.91,84.56,90.47,78.65,0.6721538804190459,1.692615373193803,15.385636376402195,0.9392103155101382
2025-05-24 08:54:42,1371.39,1414.87,1369.9319119456588,1414.5408955924556,1392.2364037690572,44.60898364679679,5.91,84.56,90.47,78.65,0.2978654103144436,-0.3742884701046023,15.388928798277092,0.45876094760210057
2025-05-24 08:54:43,1363.19,1421.45,1368.2464339592443,1416.2681716943416,1392.257302826793,48.021737735097304,5.91,84.68,90.59,78.77000000000001,0.02089905773573264,-0.27696635257871094,15.368774560746422,0.4319430435589365
2025-05-24 08:54:44,1373.03,1421.45,1369.4423254694332,1417.5636287707562,1393.5029771200948,48.121303301322996,5.91,84.68,90.59,78.77000000000001,1.2456742933018177,1.224775235566085,15.382525242715195,0.8115154519539142
2025-05-24 08:54:45,1359.91,1408.3,1367.059244102075,1415.247721578067,1391.1534828400709,48.18847747599216,5.91,84.68,90.59,78.77000000000001,-2.3494942800239187,-3.5951685733257364,15.356589772419484,0.8462187759105331
2025-05-24 08:54:46,1371.39,1419.8,1368.1419330765564,1416.3857911835503,1392.2638621300534,48.24385810699391,5.91,84.68,90.59,78.77000000000001,1.1103792899825748,3.4598735700064935,15.368846967228242,0.8317678177266872
2025-05-24 08:54:47,1371.39,1418.16,1368.9539498074173,1416.8293433876627,1392.8916465975399,47.87539358024537,5.91,84.68,90.59,78.77000000000001,0.6277844674864355,-0.4825948224961394,15.375776920430102,0.8732147828744344
2025-05-24 08:54:48,1373.03,1419.8,1369.972962355563,1417.572007540747,1393.7724849481551,47.599045185184195,5.91,84.68,90.59,78.77000000000001,0.8808383506152495,0.25305388312881405,15.385500271140907,1.0502654094879116
2025-05-24 08:54:49,1371.39,1413.23,1370.3272217666722,1416.4865056555604,1393.4068637111163,46.15928388888824,5.91,84.68,90.59,78.77000000000001,-0.3656212370387948,-1.2464595876540443,15.381464271218148,1.033019005806154
2025-05-24 08:54:50,1371.39,1414.87,1370.5929163250041,1416.0823792416702,1393.3376477833372,45.48946291666607,5.91,84.68,90.59,78.77000000000001,-0.06921592777916885,0.29640530925962594,15.38070021418078,0.5786760497504275
2025-05-24 08:54:51,1364.83,1419.8,1369.1521872437531,1417.0117844312526,1393.081985837503,47.8595971874995,5.91,84.68,90.59,78.77000000000001,-0.2556619458341629,-0.18644601805499406,15.3778780269304,0.33553850256470563
2025-05-24 08:54:52,1363.19,1419.8,1367.6616404328147,1417.7088383234395,1392.685239378127,50.04719789062483,5.91,84.68,90.59,78.77000000000001,-0.3967464593758905,-0.14108451354172757,15.37349844358791,0.4038031614382842
2025-05-24 08:54:53,1369.75,1413.23,1368.1837303246111,1416.5891287425798,1392.3864295335954,48.40539841796863,5.91,84.68,90.59,78.77000000000001,-0.29880984453166093,0.09793661484422955,15.370199957648698,0.43581381505728156
2025-05-24 08:54:54,1369.75,1418.16,1368.5752977434583,1416.9818465569347,1392.7785721501964,48.40654881347632,5.91,84.68,90.59,78.77000000000001,0.3921426166009496,0.6909524611326106,15.37452872034074,0.36697560063099505
2025-05-24 08:54:55,1368.11,1416.52,1368.4589733075936,1416.866384917701,1392.6626791126473,48.407411610107374,5.91,84.68,90.59,78.77000000000001,-0.11589303754908542,-0.508035654150035,15.373249406550368,0.25011122229754057
2025-05-24 08:54:56,1364.83,1408.3,1367.5517299806952,1414.7247886882758,1391.1382593344856,47.173058707580594,5.91,84.68,90.59,78.77000000000001,-1.5244197781617004,-1.408526740612615,15.356421724009978,0.6821871460638058
2025-05-24 08:54:57,1369.75,1418.16,1368.1012974855214,1415.5835915162068,1391.842444500864,47.48229403068535,5.91,84.68,90.59,78.77000000000001,0.7041851663784655,2.228604944540166,15.364195045111702,0.6766405158261202
2025-05-24 08:54:58,1364.83,1416.52,1367.283473114141,1415.8176936371551,1391.550583375648,48.53422052301403,5.91,84.68,90.59,78.77000000000001,-0.2918611252159735,-0.996046291594439,15.360973264319183,0.7096765784384653
2025-05-24 08:54:59,1366.47,1418.16,1367.0801048356059,1416.4032702278664,1391.7416875317363,49.323165392260535,5.91,84.68,90.59,78.77000000000001,0.19110415608815856,0.4829652813041321,15.363082814534202,0.5587258733281214
2025-05-24 08:55:00,1368.11,1413.23,1367.3375786267043,1415.6099526709,1391.473765648802,48.27237404419566,5.91,84.68,90.59,78.77000000000001,-0.26792188293416075,-0.4590260390223193,15.360125292953713,0.2727673746213543
2025-05-24 08:55:01,1368.11,1418.16,1367.5306839700281,1416.2474645031748,1391.8890742366016,48.716780533146675,5.91,84.68,90.59,78.77000000000001,0.41530858779947266,0.6832304707336334,15.3647097789148,0.18116530194616948
2025-05-24 08:55:02,1358.27,1409.94,1365.215512977521,1414.6705983773813,1389.9430556774512,49.45508539986031,5.91,84.68,90.59,78.77000000000001,-1.9460185591503887,-2.3613271469498613,15.343228174569191,0.7865197746334553
2025-05-24 08:55:03,1366.47,1416.52,1365.5291347331408,1415.1329487830362,1390.3310417580885,49.60381404989539,5.91,84.68,90.59,78.77000000000001,0.3879860806373472,2.334004639787736,15.347511054317005,0.8804788976664225
2025-05-24 08:55:04,1369.75,1409.94,1366.5843510498557,1413.834711587277,1390.2095313185664,47.25036053742133,5.91,84.68,90.59,78.77000000000001,-0.12151043952212603,-0.5094965201594732,15.346169731453767,0.8570672573407175
2025-05-24 08:55:05,1368.11,1413.23,1366.9657632873916,1413.6835336904578,1390.3246484889246,46.7177704030662,5.91,84.68,90.59,78.77000000000001,0.11511717035818947,0.2366276098803155,15.347440480643384,0.7706477447906949
2025-05-24 08:55:06,1368.11,1477.36,1367.2518224655437,1429.6026502678433,1398.4272363666935,62.35082780229959,5.91,84.76,90.67,78.85000000000001,8.102587877768883,7.987470707410694,15.423262611044787,3.6817625456023224
2025-05-24 08:55:07,1377.95,1424.74,1369.9263668491578,1428.3869877008824,1399.1566772750202,58.46062085172457,5.91,84.78,90.69,78.87,0.729440908326751,-7.373146969442132,15.427904530236143,4.664971119404246
2025-05-24 08:55:08,1371.39,1418.16,1370.2922751368685,1425.8302407756619,1398.0612579562653,55.53796563879337,5.91,84.78,90.69,78.87,-1.0954193187549208,-1.8248602270816718,15.41582580814246,4.553145707874711
2025-05-24 08:55:09,1377.95,1423.09,1372.2067063526513,1425.1451805817464,1398.675943467199,52.93847422909516,5.91,84.78,90.69,78.87,0.6146855109336684,1.7101048296885892,15.422603683367464,3.713439664717909
2025-05-24 08:55:10,1376.31,1421.45,1373.2325297644884,1424.2213854363097,1398.7269576003991,50.988855671821284,5.91,84.78,90.69,78.87,0.051014133200169454,-0.563671377733499,15.423166194478256,0.40354779673999364
2025-05-24 08:55:11,1373.03,1414.87,1373.1818973233662,1421.8835390772322,1397.5327182002993,48.70164175386594,5.91,84.78,90.69,78.87,-1.194239400099832,-1.2452535333000014,15.409997825452658,0.6359667174971454
2025-05-24 08:55:12,1377.95,1416.52,1374.3739229925247,1420.5426543079243,1397.4582886502244,46.168731315399555,5.91,84.78,90.69,78.87,-0.07442955007491037,1.1198098500249216,15.409177122516786,0.60404630048721
2025-05-24 08:55:13,1377.95,1421.45,1375.2679422443935,1420.769490730943,1398.0187164876684,45.50154848654961,5.91,84.78,90.69,78.87,0.5604278374439673,0.6348573875188777,15.41535672149423,0.6048695968604444
2025-05-24 08:55:14,1371.39,1421.45,1374.2984566832952,1420.9396180482072,1397.6190373657512,46.64116136491202,5.91,84.78,90.69,78.87,-0.39967912191718824,-0.9601069593611555,15.410949630111386,0.5250556813438695
2025-05-24 08:55:15,1377.95,1416.52,1375.2113425124714,1419.8347135361555,1397.5230280243136,44.62337102368406,5.91,84.78,90.69,78.87,-0.09600934143759332,0.3036697804795949,15.409890976010836,0.22450589442566268
2025-05-24 08:55:16,1371.39,1421.45,1374.2560068843536,1420.2385351521166,1397.247271018235,45.98252826776297,5.91,84.78,90.69,78.87,-0.27575700607849285,-0.17974766464089953,15.40685032099884,0.2839619374507251
2025-05-24 08:55:17,1377.95,1418.16,1375.179505163265,1419.7189013640873,1397.4492032636763,44.53939620082224,5.91,84.78,90.69,78.87,0.20193224544118493,0.4776892515196778,15.409076941830405,0.2849091225183343
2025-05-24 08:55:18,1371.39,1413.23,1374.2321288724488,1418.0966760230654,1396.164402447757,43.864547150616545,5.91,84.78,90.69,78.87,-1.2848008159191977,-1.4867330613603826,15.394909990658807,0.5951337649423066
2025-05-24 08:55:19,1376.31,1421.45,1374.7515966543365,1418.9350070172989,1396.8433018358178,44.18341036296238,5.91,84.78,90.69,78.87,0.6788993880606995,1.9637002039798972,15.402395924946763,0.5587794420374887
2025-05-24 08:55:20,1374.67,1421.45,1374.7311974907525,1419.5637552629742,1397.1474763768633,44.83255777222166,5.91,84.78,90.69,78.87,0.30417454104554054,-0.37472484701515896,15.405749928008749,0.5007624543017155
2025-05-24 08:55:21,1373.03,1418.16,1374.3058981180643,1419.2128164472306,1396.7593572826474,44.906918329166274,5.91,84.78,90.69,78.87,-0.388119094215881,-0.6922936352614215,15.401470304125892,0.4804306152658903
2025-05-24 08:55:22,1376.31,1421.45,1374.8069235885482,1419.772112335423,1397.2895179619854,44.965188746874674,5.91,84.78,90.69,78.87,0.530160679337996,0.918279773553877,15.407316160047076,0.435761125072429
2025-05-24 08:55:23,1369.75,1418.16,1373.542692691411,1419.369084251567,1396.455888471489,45.826391560156026,5.91,84.78,90.69,78.87,-0.8336294904963779,-1.363790169834374,15.398124082846676,0.32908772765543065
2025-05-24 08:55:24,1376.31,1421.45,1374.234519518558,1419.8893131886753,1397.0619163536167,45.654793670117215,5.91,84.78,90.69,78.87,0.6060278821275915,1.4396573726239694,15.404806494087664,0.3343009616634975
2025-05-24 08:55:25,1369.75,1414.87,1373.1133896389185,1418.6344848915064,1395.8739372652126,45.521095252587884,5.91,84.78,90.69,78.87,-1.187979088404063,-1.7940069705316546,15.391707154851753,0.5530151401658487
2025-05-24 08:55:26,1371.39,1418.16,1372.682542229189,1418.5158636686297,1395.5992029489094,45.833321439440624,5.91,84.78,90.69,78.87,-0.2747343163032383,0.9132447721008248,15.388677776604164,0.7305451737562296
2025-05-24 08:55:27,1374.67,1419.8,1373.1794066718917,1418.8368977514722,1396.008152211682,45.657491079580495,5.91,84.78,90.69,78.87,0.40894926277269406,0.6836835790759324,15.393187085880417,0.5728128238108114
2025-05-24 08:55:28,1373.03,1414.87,1373.1420550039186,1417.8451733136042,1395.4936141587614,44.70311830968558,5.91,84.78,90.69,78.87,-0.5145380529206705,-0.9234873156933645,15.387513494004278,0.6245835260107488
2025-05-24 08:55:29,1373.03,1413.23,1373.114041252939,1416.6913799852032,1394.902710619071,43.57733873226425,5.91,84.78,90.69,78.87,-0.5909035396903164,-0.07636548676964594,15.380997852443194,0.4290004097220427
2025-05-24 08:55:30,1374.67,1405.01,1373.5030309397043,1413.7710349889026,1393.6370329643034,40.268004049198225,5.91,84.78,90.69,78.87,-1.2656776547676145,-0.6747741150772981,15.367041764221653,0.9225117549953515
2025-05-24 08:55:31,1373.03,1418.16,1373.3847732047782,1414.868276241677,1394.1265247232277,41.48350303689881,5.91,84.78,90.69,78.87,0.48949175892425956,1.755169413691874,15.372439181285573,0.968464762212642
2025-05-24 08:55:32,1373.03,1418.16,1373.2960799035836,1415.6912071812576,1394.4936435424206,42.395127277673964,5.91,84.78,90.69,78.87,0.36711881919291045,-0.1223729397313491,15.37648724408351,0.7122090955769809
2025-05-24 08:55:33,1366.47,1408.3,1371.5895599276878,1413.8434053859432,1392.7164826568155,42.253845458255455,5.91,84.78,90.69,78.87,-1.7771608856050989,-2.1442797047980093,15.356891248207347,0.8441985977016444
2025-05-24 08:55:34,1371.39,1414.87,1371.5396699457658,1414.1000540394573,1392.8198619926115,42.56038409369148,5.91,84.78,90.69,78.87,0.10337933579603487,1.8805402214011337,15.358031168095495,0.7838832901803366
2025-05-24 08:55:35,1371.39,1419.8,1371.5022524593244,1415.525040529593,1393.5136464944587,44.02278807026869,5.91,84.78,90.69,78.87,0.6937845018471762,0.5904051660511414,15.365681234190953,0.7827424920959298
2025-05-24 08:55:36,1373.03,1408.3,1371.8841893444933,1413.718780397195,1392.801484870844,41.834591052701626,5.91,84.78,90.69,78.87,-0.7121616236147474,-1.4059461254619237,15.357828531403854,0.7558396771218002
2025-05-24 08:55:37,1371.39,1418.16,1371.76064200837,1414.8290852978962,1393.2948636531332,43.06844328952616,5.91,84.78,90.69,78.87,0.49337878228925547,1.205540405904003,15.363268809018244,0.35310560640381883
2025-05-24 08:55:38,1361.55,1414.87,1369.2079815062775,1414.8393139734221,1392.0236477398498,45.6313324671446,5.91,84.78,90.69,78.87,-1.271215913283413,-1.7645946955726686,15.34925165277978,0.5736217345357215
2025-05-24 08:55:39,1371.39,1416.52,1369.7534861297083,1415.2594854800668,1392.5064858048877,45.50599935035848,5.91,84.78,90.69,78.87,0.48283806503786764,1.7540539783212807,15.354575702396208,0.5998186747430616
2025-05-24 08:55:40,1377.95,1411.58,1371.8026145972813,1414.3396141100502,1393.0711143536657,42.53699951276894,5.91,84.78,90.69,78.87,0.564628548778046,0.08179048374017839,15.3608016208277,0.49723713208169523
2025-05-24 08:55:41,1371.39,1426.38,1371.699460947961,1417.3497105825377,1394.5245857652494,45.65024963457677,5.91,84.9,90.81,78.99000000000001,1.4534714115836778,0.8888428628056317,15.356508869163534,0.9457518610229961
2025-05-24 08:55:42,1236.99,1424.74,1338.0220957109707,1419.1972829369033,1378.609689323937,81.17518722593263,6.33,84.9,91.23,78.57000000000001,-15.914896441312521,-17.3683678528962,15.111363303875628,6.517519073027498
2025-05-24 08:55:43,1289.42,1262.07,1325.871571783228,1379.9154622026774,1352.8935169929528,54.043890419449326,8.42,83.64,92.06,75.22,-25.716172330984136,-9.801275889671615,14.695779951088126,17.66343092565227
2025-05-24 08:55:44,1001.32,1428.03,1244.733678837421,1391.944096652008,1318.3388877447146,147.21041781458712,10.71,81.76,92.47,71.05000000000001,-34.55462924823814,-8.838456917254007,14.256936016954457,32.162862326153096
2025-05-24 08:55:45,664.98,688.7,1099.7952591280657,1216.133072489006,1157.9641658085359,116.33781336094034,13.19,79.65,92.84,66.46000000000001,-160.37472193617873,-125.82009268794059,12.472685839464132,95.29989154514807
2025-05-24 08:55:46,497.16,999.62,949.1364443460493,1162.0048043667546,1055.5706243564018,212.86836002070527,15.79,77.34,93.13,61.550000000000004,-102.39354145213406,57.98118048404467,11.334377891356427,139.6740135883528
2025-05-24 08:55:47,56.73,736.1,726.034833259537,1055.528603275066,890.7817182673015,329.493770015529,18.27,74.9,93.17,56.63000000000001,-164.78890608910035,-62.39536463696629,9.56082117319395,190.75354746241294
2025-05-24 08:55:48,77.82,124.53,563.9811249446528,822.7789524562995,693.3800387004762,258.7978275116467,18.27,72.54,90.81,54.27000000000001,-197.40167956682524,-32.612773477724886,7.635503040028336,241.15970264744215
2025-05-24 08:55:49,32.39,105.01,431.0833437084896,643.3367143422247,537.2100290253571,212.25337063373507,18.27,70.38,88.64999999999999,52.11,-156.1700096751191,41.23166989170613,6.059898736214985,254.7988964114943
2025-05-24 08:55:50,30.77,-16.92,331.0050077813672,478.2725357566685,404.63877176901786,147.26752797530128,18.27,70.18,88.45,51.91000000000001,-132.57125725633927,23.59875241877984,4.574774077945096,262.33551453944114
2025-05-24 08:55:51,22.66,-28.29,253.9187558360254,351.6319018175014,302.77532882676337,97.71314598147598,18.27,70.18,88.45,51.91000000000001,-101.8634429422545,30.70781431408477,3.423124085965396,233.3784908067276
2025-05-24 08:55:52,17.8,-31.54,194.88906687701905,255.83892636312606,225.36399662007256,60.949859486107016,18.27,70.18,88.45,51.91000000000001,-77.41133220669082,24.45211073556368,2.5479253145522582,186.77024406642218
2025-05-24 08:55:53,14.56,-38.04,149.80680015776426,182.36919477234454,166.0879974650544,32.562394614580285,18.27,70.18,88.45,51.91000000000001,-59.275999155018155,18.13533305167266,1.8777613972559977,147.5001593325322
2025-05-24 08:55:54,11.31,-44.53,115.1826001183232,125.6443960792584,120.4134980987908,10.461795960935206,18.27,70.18,88.45,51.91000000000001,-45.6744993662636,13.601499788754552,1.361373620547396,112.86103699903404
2025-05-24 08:55:55,11.31,-47.78,89.2144500887424,82.2882970594438,85.7513735740931,6.92615302929859,18.27,70.18,88.45,51.91000000000001,-34.6621245246977,11.0123748415659,0.9694897976778213,86.25332080717477
2025-05-24 08:55:56,8.07,-52.66,68.92833756655679,48.551222794582856,58.739780180569824,20.377114771973936,18.27,70.18,88.45,51.91000000000001,-27.01159339352327,7.650531131174432,0.6641015208193137,66.1747967712344
