time,force_left_raw,force_right_raw,force_left,force_right,dis_left,dis_right,force_avg,force_sum,force_diff,force_diff_ratio,total_delta_dis,dis_diff,left_force_rate,right_force_rate,force_rate,force_rate_diff,force_rate_ratio,left_force_acc,right_force_acc,force_acc,left_dis_rate,right_dis_rate,dis_rate_diff,stiffness_ratio,force_std_5s,force_diff_std_5s,force_rate_std_5s
2024-05-24 06:50:52,304.75,295.5,304.75,295.5,0.3,-0.15,300.125,600.25,9.25,0.0308204913591986,0.15,0.4499999999999999,0.0,0.0,0.0,0.0,0.0,0.0,0.0,0.0,0.0,0.0,0.0,2000.81999453337,0.0,0.0,0.0
2024-05-24 06:50:53,308.72,295.5,305.7425,295.5,0.47,0.16,300.62125000000003,601.2425000000001,10.242500000000009,0.0340711109608149,0.63,0.3099999999999999,0.9925000000000068,0.0,0.4962500000000318,0.9925000000000068,1.9999959697813063,0.9925000000000068,0.0,0.4962500000000318,0.1699999999999999,0.31,0.14,477.1758298796352,0.0,0.0,0.0
2024-05-24 06:50:54,306.08,298.14,305.826875,296.16,0.47,0.16,300.9934375,601.9868749999999,9.666875000000005,0.0321165638964585,0.63,0.3099999999999999,0.0843749999999659,0.6599999999999682,0.3721874999999386,0.5756250000000023,1.5465953408020323,-0.9081250000000408,0.6599999999999682,-0.1240625000000932,0.0,0.0,0.0,477.76660275142416,0.0,0.0,0.0
2024-05-24 06:50:55,310.04,296.82,306.88015625,296.325,0.61,0.36,301.602578125,603.20515625,10.555156249999982,0.0349969031452657,0.97,0.25,1.0532812499999975,0.1650000000000204,0.6091406250000091,0.8882812499999773,1.458250780350077,0.9689062500000318,-0.4949999999999477,0.2369531250000704,0.14,0.1999999999999999,0.0599999999999999,310.93017236580164,0.0,0.0,0.0
2024-05-24 06:50:56,310.04,300.79,307.67011718749995,297.44125,0.61,0.36,302.55568359375,605.1113671874999,10.228867187499986,0.033808213523519,0.97,0.25,0.7899609374999841,1.1162499999999795,0.9531054687499818,0.3262890624999954,0.3423427216142286,-0.2633203125000136,0.9512499999999592,0.3439648437499727,0.0,0.0,0.0,311.9127543103048,0.9395622530741108,0.5225457921746446,0.347349027153422
2024-05-24 06:50:57,310.04,302.11,308.26258789062496,298.6084375,0.69,0.58,303.43551269531247,606.8710253906249,9.654150390624975,0.0318161518836551,1.27,0.1099999999999999,0.5924707031250023,1.1671875000000114,0.8798291015625068,0.5747167968750091,0.6532133827364609,-0.1974902343749818,0.0509375000000318,-0.0732763671874749,0.0799999999999999,0.2199999999999999,0.14,238.92541241724416,1.1528484529745455,0.3955411109391303,0.2482188147754132
2024-05-24 06:50:58,310.04,300.79,308.7069409179687,299.153828125,0.69,0.58,303.9303845214844,607.8607690429687,9.55311279296876,0.0314319108850453,1.27,0.1099999999999999,0.4443530273437659,0.5453906249999818,0.4948718261719023,0.1010375976562159,0.2041688133046101,-0.1481176757812363,-0.6217968750000296,-0.3849572753906045,0.0,0.0,0.0,239.3150749656767,1.2246753861975417,0.4380354864926967,0.2484496864466996
2024-05-24 06:50:59,315.33,302.11,310.3627056884765,299.89287109374993,0.8,0.78,305.1277883911132,610.2555767822264,10.469834594726592,0.0343129500450263,1.58,0.02,1.6557647705078011,0.7390429687499704,1.197403869628829,0.9167218017578308,0.7655905074463208,1.2114117431640352,0.1936523437499886,0.7025320434569267,0.1100000000000001,0.2,0.0899999999999999,193.1187311850519,1.3404466675825415,0.4631729619718792,0.2800286934913408
2024-05-24 06:51:00,310.04,300.79,310.28202926635737,300.11715332031247,0.8,0.78,305.19959129333495,610.3991825866699,10.1648759460449,0.0333056668577564,1.58,0.02,-0.0806764221191542,0.2242822265625363,0.0718029022217479,0.3049586486816906,4.247104116151017,-1.7364411926269554,-0.5147607421874341,-1.125600967407081,0.0,0.0,0.0,193.16417603111324,1.1300521861763069,0.3932636693919593,0.4412024319942748
2024-05-24 06:51:01,320.62,304.75,312.86652194976807,301.2753649902344,0.89,0.92,307.0709434700012,614.1418869400025,11.591156959533691,0.0377474885471167,1.81,0.03,2.5844926834107014,1.1582116699219114,1.871352176666278,1.42628101348879,0.7621655982809393,2.665169105529856,0.933929443359375,1.79954927444453,0.0899999999999999,0.14,0.05,169.6523612252155,1.4076179173484733,0.8197951741967504,0.6859981186492535
2024-05-24 06:51:02,314.01,304.75,313.152391462326,302.1440237426758,0.89,0.92,307.6482076025009,615.2964152050018,11.00836771965021,0.0357823234845279,1.81,0.03,0.2858695125579515,0.8686587524414335,0.5772641324996926,0.582789239883482,1.0095694457759274,-2.29862317085275,-0.2895529174804778,-1.2940880441665854,0.0,0.0,0.0,169.9712915089555,1.5279793163418898,0.7814027352570666,0.7017234105547234
2024-05-24 06:51:03,302.11,320.62,310.3917935967445,306.76301780700686,1.0,1.03,308.5774057018757,617.1548114037514,3.628775789737631,0.0117596937135565,2.03,0.03,-2.76059786558153,4.618994064331048,0.929198099374787,7.379591929912578,7.941884505568233,-3.046467378139482,3.7503353118896143,0.3519339668750945,0.1099999999999999,0.1099999999999999,0.0,152.008499356343,1.523265609291648,3.2565653879610297,0.6742722872168151
2024-05-24 06:51:04,314.01,304.75,311.2963451975584,306.2597633552552,1.0,1.06,308.77805427640675,617.5561085528135,5.036581842303235,0.0163113335168675,2.06,0.06,0.9045516008138748,-0.5032544517517294,0.2006485745310442,1.4078060525656042,7.0162424009914375,3.665149466395405,-5.122248516082777,-0.7285495248437428,0.0,0.03,0.03,149.8921865942816,1.4389200881798618,3.6781102160385664,0.7209593012485485
2024-05-24 06:51:05,328.55,333.84,315.6097588981688,313.15482251644136,1.0,1.08,314.38229070730506,628.7645814146101,2.454936381727407,0.0078087616461966,2.08,0.08,4.313413700610397,6.895059161186225,5.604236430898311,2.581645460575828,0.460659544212425,3.408862099796522,7.398313612937954,5.403587856367267,0.0,0.02,0.02,151.14525940482963,2.929205879512945,4.263089490006139,2.195559955573391
2024-05-24 06:51:06,316.65,303.43,315.8698191736265,310.72361688733105,1.08,1.2,313.2967180304788,626.5934360609576,5.146202286295477,0.0164259692926909,2.28,0.1199999999999998,0.2600602754577608,-2.431205629110309,-1.0855726768262457,2.69126590456807,2.4791186098360303,-4.053353425152636,-9.326264790296534,-6.689809107724557,0.08,0.1199999999999998,0.0399999999999998,137.41078097355165,3.069255794943341,3.2956713803285056,2.552977823616729
2024-05-24 06:51:07,315.33,304.75,315.7348643802199,309.2302126654983,1.08,1.2,312.4825385228591,624.9650770457182,6.504651714721604,0.0208160485531568,2.28,0.1199999999999998,-0.1349547934066208,-1.4934042218327477,-0.8141795076197127,1.3584494284261268,1.6684867983361635,-0.3950150688643816,0.9378014072775612,0.271393169206533,0.0,0.0,0.0,137.05368485490095,2.667005130091913,1.553281891977787,2.714697964302117
2024-05-24 06:51:08,317.97,307.4,316.2936482851649,308.77265949912373,1.17,1.34,312.5331538921444,625.0663077842887,7.520988786041187,0.0240646109646725,2.51,0.1700000000000001,0.5587839049450167,-0.4575531663745664,0.0506153692852535,1.0163370713195832,20.079217171660712,0.6937386983516376,1.0358510554581812,0.8647948769049663,0.0899999999999998,0.1400000000000001,0.0500000000000002,124.51515114621245,2.1107472431799543,1.908276017252028,2.7459996038698686
2024-05-24 06:51:09,316.65,304.75,316.3827362138737,307.76699462434283,1.17,1.34,312.0748654191083,624.1497308382166,8.615741589530899,0.0276079316748314,2.51,0.1700000000000001,0.0890879287088068,-1.005664874780905,-0.4582884730360774,1.0947528034897118,2.3887801660317227,-0.4696959762362098,-0.5481117084063385,-0.508903842321331,0.0,0.0,0.0,124.3325661699371,0.9123780655051388,2.381956529490006,2.796766873494502
2024-05-24 06:51:10,319.3,306.08,317.1120521604053,307.34524596825713,1.25,1.48,312.2286490643312,624.4572981286624,9.76680619214818,0.0312809416757105,2.73,0.2299999999999999,0.7293159465315853,-0.4217486560856969,0.1537836452229157,1.1510646026172822,7.484912430293527,0.6402280178227784,0.583916218695208,0.6120721182589932,0.08,0.1399999999999999,0.0599999999999998,114.36942662817016,0.4711280951517413,1.796818045585274,0.5361812873676709
2024-05-24 06:51:11,316.65,304.75,316.996539120304,306.69643447619285,1.25,1.48,311.8464867982484,623.6929735964968,10.300104644111116,0.0330294072472442,2.73,0.2299999999999999,-0.115513040101348,-0.6488114920642829,-0.382162266082787,0.5332984519629349,1.39547282351153,-0.8448289866329333,-0.227062835978586,-0.5359459113057028,0.0,0.0,0.0,114.22944050139483,0.2858232270819521,1.5644305131367036,0.39513978302677
2024-05-24 06:51:12,319.3,310.04,317.572404340228,307.53232585714466,1.34,1.62,312.5523650986863,625.1047301973726,10.040078483083336,0.0321228682681392,2.96,0.28,0.575865219924026,0.8358913809518072,0.7058783004379166,0.2600261610277812,0.3683719877696725,0.691378260025374,1.48470287301609,1.0880405665207036,0.09,0.1400000000000001,0.05,105.5919795630766,0.302287005551923,1.160365032442102,0.4689287451660352
2024-05-24 06:51:13,317.97,308.72,317.67180325517097,307.8292443928585,1.34,1.62,312.75052382401475,625.5010476480295,9.842558862312444,0.0314709587389209,2.96,0.28,0.0993989149429808,0.2969185357138713,0.198158725328426,0.1975196207708904,0.996769754517601,-0.4764663049810451,-0.5389728452379359,-0.5077195751094905,0.0,0.0,0.0,105.65892505577354,0.3632033700856286,0.6471724663684792,0.4763944924298445
2024-05-24 06:51:14,320.62,311.36,318.40885244137826,308.7119332946439,1.39,1.73,313.5603928680111,627.1207857360222,9.69691914673433,0.0309252040001458,3.12,0.3400000000000001,0.7370491862072868,0.8826889017854,0.8098690439963434,0.1456397155781132,0.1798309699905023,0.637650271264306,0.5857703660715288,0.6117103186679174,0.0499999999999998,0.1099999999999998,0.06,100.50009370766584,0.6426908572351149,0.2437709374172496,0.4800411364516835
2024-05-24 06:51:15,317.97,307.4,318.2991393310337,308.38394997098294,1.39,1.73,313.34154465100835,626.6830893020167,9.91518936005076,0.0316433920036063,3.12,0.3400000000000001,-0.1097131103445576,-0.3279833236609875,-0.2188482170027441,0.2182702133164298,0.9973543259864298,-0.8467622965518444,-1.2106722254463875,-1.0287172609990876,0.0,0.0,0.0,100.429950070852,0.6789513375953127,0.2275359194447125,0.533772926020553
2024-05-24 06:51:16,321.94,310.04,319.2093544982753,308.7979624782372,1.48,1.84,314.00365848825624,628.0073169765125,10.41139202003808,0.0331569130022431,3.3200000000000003,0.3600000000000001,0.9102151672415744,0.414012507254256,0.6621138372478867,0.4962026599873184,0.7494208437463951,1.019928277586132,0.7419958309152435,0.8809620542506309,0.09,0.1100000000000001,0.02,94.579386719539,0.5934120571447086,0.2706132938586752,0.4327326713464713
2024-05-24 06:51:17,319.3,310.04,319.2320158737065,309.1084718586779,1.48,1.84,314.1702438661922,628.3404877323844,10.123544015028584,0.0322231152709585,3.3200000000000003,0.3600000000000001,0.0226613754311983,0.310509380440692,0.1665853779359736,0.2878480050094936,1.727920425283069,-0.887553791810376,-0.103503126813564,-0.4955284593119131,0.0,0.0,0.0,94.62956302308106,0.5639295157313224,0.2776344089178302,0.4140315118685219
2024-05-24 06:51:18,320.62,312.69,319.57901190527986,310.00385389400844,1.53,1.95,314.7914328996442,629.5828657992884,9.575158011271412,0.0304174668689491,3.48,0.4199999999999999,0.3469960315733829,0.8953820353305559,0.6211890334519694,0.5483860037571731,0.8827991020876133,0.3243346561421845,0.584872654889864,0.4546036555159958,0.05,0.1099999999999998,0.0599999999999998,90.45728231102352,0.5653885758726196,0.3348931908660801,0.4250710753537871
2024-05-24 06:51:19,320.62,310.04,319.8392589289599,310.0128904205063,1.53,1.95,314.9260746747331,629.8521493494662,9.826368508453584,0.0312021431931302,3.48,0.4199999999999999,0.2602470236800513,0.00903652649788,0.1346417750889372,0.2512104971821713,1.865755492756564,-0.0867490078933315,-0.8863455088326759,-0.4865472583630321,0.0,0.0,0.0,90.4959724651611,0.6408012062567093,0.3154110579143188,0.3691296612100743
2024-05-24 06:51:20,320.62,310.04,320.03444419672,310.01966781537976,1.62,2.01,315.02705600604986,630.0541120120997,10.014776381340198,0.0317902102648531,3.63,0.3899999999999997,0.1951852677600527,0.0067773948734384,0.1009813313167455,0.1884078728866143,1.865750873740932,-0.0650617559199986,-0.0022591316244415,-0.0336604437721916,0.09,0.0599999999999998,0.0300000000000002,86.78428904180738,0.4648473010807931,0.314200549498049,0.2793551360620606
2024-05-24 06:51:21,321.94,310.04,320.51083314754,310.0247508615348,1.62,2.01,315.2677920045374,630.5355840090748,10.486082286005171,0.0332608738306936,3.63,0.3899999999999997,0.4763889508200236,0.0050830461550503,0.240735998487537,0.4713059046649732,1.9577626522969749,0.2812036830599709,-0.001694348718388,0.1397546671707914,0.0,0.0,0.0,86.85060748042146,0.411180095689051,0.3399491136192735,0.2123082969806996
2024-05-24 06:51:22,323.26,312.69,321.19812486065496,310.6910631461511,1.67,2.1,315.94459400340304,631.8891880068061,10.507061714503834,0.0332560261535433,3.77,0.4300000000000001,0.6872917131149734,0.6663122846163105,0.676801998865642,0.0209794284986628,0.0309978362002318,0.2109027622949497,0.6612292384612601,0.4360660003781049,0.0499999999999998,0.0900000000000003,0.0400000000000004,83.80490986697431,0.455663555310017,0.4094860100573824,0.2741133601755364
2024-05-24 06:51:23,320.62,311.36,321.0535936454912,310.85829735961335,1.67,2.1,315.95594550255225,631.9118910051045,10.195296285877872,0.0322680943300287,3.77,0.4300000000000001,-0.1445312151637381,0.1672342134622226,0.0113514991492138,0.3117654286259608,27.46227280250889,-0.8318229282787115,-0.4990780711540878,-0.6654504997164281,0.0,0.0,0.0,83.80792087390752,0.4959533264791447,0.2957555238965282,0.2613672414326759
2024-05-24 06:51:24,320.62,315.33,320.9451952341184,311.97622301971,1.73,2.15,316.4607091269142,632.9214182538284,8.968972214408382,0.0283415031547247,3.88,0.4199999999999999,-0.108398411372832,1.1179256600966596,0.5047636243619422,1.2263240714694916,2.429496863057016,0.0361328037909061,0.9506914466344368,0.4934121252127283,0.06,0.0499999999999998,0.0100000000000002,81.56201741363319,0.5785319439021287,0.6302450008216137,0.2784360737038818
2024-05-24 06:51:25,324.58,314.01,321.8538964255888,312.4846672647825,1.73,2.15,317.16928184518565,634.3385636903713,9.3692291608063,0.0295401530588305,3.88,0.4199999999999999,0.9087011914704136,0.5084442450724964,0.708572718271455,0.4002569463979171,0.5648769296359626,1.0170996028432455,-0.6094814150241632,0.2038090939095127,0.0,0.0,0.0,81.74463920117176,0.7058945296006958,0.6977830488937992,0.2979844490718632
2024-05-24 06:51:26,333.84,314.01,324.8504223191916,312.8660004485869,1.76,2.26,318.8582113838892,637.7164227677785,11.984421870604706,0.0375854263906368,4.02,0.4999999999999998,2.9965258936027794,0.3813331838043723,1.688929538703576,2.615192709798407,1.5484311816670866,2.087824702132366,-0.1271110612681241,0.9803568204321208,0.03,0.1099999999999998,0.0799999999999998,79.31794329998655,1.2146650613586,1.1708923111620737,0.6101868850072704
2024-05-24 06:51:27,324.58,311.36,324.7828167393937,312.4895003364402,1.79,2.26,318.6361585379169,637.2723170758338,12.293316402953508,0.0385810462339903,4.05,0.4699999999999997,-0.0676055797978847,-0.3765001121466866,-0.2220528459723141,0.3088945323488019,1.3910794068719494,-3.064131473400664,-0.757833295951059,-1.91098238467589,0.03,0.0,0.03,78.67557527465226,1.2917014119297632,1.5096068672051948,0.7432827514663981
2024-05-24 06:51:28,324.58,315.33,324.73211255454527,313.1996252523301,1.79,2.35,318.9658689034377,637.9317378068754,11.532487302215143,0.0361558661611865,4.140000000000001,0.56,-0.0507041848484277,0.710124915889935,0.329710365520782,0.7608291007383627,2.3075610376264297,0.0169013949494569,1.0866250280366216,0.5517632114930962,0.0,0.0900000000000003,0.0900000000000003,77.04487726052183,1.1326967781431492,1.546346381696454,0.6991840272703194
2024-05-24 06:51:29,321.94,314.01,324.034084415909,313.4022189392476,1.79,2.35,318.71815167757825,637.4363033551565,10.631865476661403,0.0333582050075974,4.140000000000001,0.56,-0.698028138636289,0.2025936869174529,-0.2477172258594464,0.9006218255537419,3.635670417180964,-0.6473239537878612,-0.507531228972482,-0.5774275913802285,0.0,0.0,0.0,76.98504219626473,0.7378429029021132,1.1820094039441278,0.7991760014849824
2024-05-24 06:51:30,321.94,316.65,323.5105633119317,314.21416420443563,1.79,2.43,318.8623637581837,637.7247275163674,9.296399107496086,0.0291548960773285,4.220000000000001,0.6400000000000001,-0.5235211039772594,0.8119452651880579,0.1442120806054276,1.3354663691653172,9.260369195074633,0.1745070346590296,0.6093515782706049,0.3919293064648741,0.0,0.08,0.08,75.55978393327007,0.1303852822360968,1.2097522421393545,0.7936238173085469
2024-05-24 06:51:31,321.94,312.69,323.1179224839488,313.8331231533267,1.79,2.43,318.4755228186377,636.9510456372755,9.284799330622093,0.02915388667642,4.220000000000001,0.6400000000000001,-0.3926408279829161,-0.381041051108923,-0.386840939545948,0.011599776873993,0.0299858306149746,0.1308802759943432,-1.192986316296981,-0.5310530201513757,0.0,0.0,0.0,75.46811548590573,0.1916027998097291,1.3385341205213792,0.3002220614104824
2024-05-24 06:51:32,325.91,316.65,323.8159418629616,314.537342364995,1.84,2.46,319.17664211397835,638.3532842279567,9.278599497966582,0.0290704213423699,4.3,0.6199999999999999,0.6980193790128055,0.7042192116683168,0.701119295340618,0.0061998326555112,0.0088427516600404,1.0906602069957216,1.08526026277724,1.087960234886566,0.05,0.0299999999999998,0.0200000000000002,74.22710881089989,0.2633254829676058,1.0337600735162829,0.4397895954093211
2024-05-24 06:51:33,325.91,316.65,324.3394563972212,315.0655067737463,1.84,2.46,319.7024815854837,639.4049631709674,9.273949623474948,0.0290080625851731,4.3,0.6199999999999999,0.5235145342596184,0.5281644087512518,0.5258394715053782,0.0046498744916334,0.008842747455938,-0.1745048447531871,-0.176054802917065,-0.1752798238352397,0.0,0.0,0.0,74.34939703164807,0.4736297461117675,0.6030943141028396,0.4720600142223993
2024-05-24 06:51:34,325.91,315.33,324.7320922979159,315.1316300803097,1.84,2.46,319.93186118911285,639.8637223782257,9.600462217606209,0.0300078340178926,4.3,0.6199999999999999,0.3926359006946995,0.0661233065634405,0.2293796036291269,0.326512594131259,1.4234533738483814,-0.1308786335649188,-0.4620411021878112,-0.2964598678762513,0.0,0.0,0.0,74.40274111310971,0.5964660531361544,0.1420275771158327,0.4172874607738827
2024-05-24 06:51:35,324.58,316.65,324.69406922343694,315.5112225602323,1.84,2.52,320.10264589183464,640.2052917836693,9.182846663204655,0.0286871937872716,4.36,0.6799999999999999,-0.0380230744789855,0.3795924799225645,0.1707847027217894,0.41761555440155,2.445260626305747,-0.4306589751736851,0.3134691733591239,-0.0585949009073374,0.0,0.06,0.06,73.41802120959022,0.6599888981501512,0.1600456763628575,0.4158857390061715
2024-05-24 06:51:36,321.94,315.33,324.0055519175777,315.4659169201742,1.84,2.52,319.73573441887595,639.4714688377519,8.539634997403482,0.0267084158929434,4.36,0.6799999999999999,-0.68851730585925,-0.0453056400580749,-0.3669114729586908,0.6432116658011751,1.7530384307038578,-0.6504942313802644,-0.4248981199806394,-0.5376961756804803,0.0,0.0,0.0,73.33386722133227,0.3487864376991438,0.3890026319362628,0.408306014788701
2024-05-24 06:51:37,321.94,317.97,323.48916393818325,316.09193769013064,1.84,2.6,319.790550814157,639.581101628314,7.397226248052618,0.0231314721654173,4.44,0.76,-0.5163879793944375,0.6260207699564262,0.0548163952810227,1.1424087493508637,20.84025962003988,0.1721293264648125,0.6713264100145011,0.4217278682397136,0.0,0.08,0.08,72.02488261019693,0.1649609597795767,0.872854053263638,0.3242459154666401
2024-05-24 06:51:38,324.58,314.01,323.7618729536374,315.571453267598,1.84,2.6,319.6666631106177,639.3333262212354,8.190419686039434,0.0256217510475387,4.44,0.76,0.2727090154541542,-0.520484422532661,-0.1238877035392533,0.7931934379868153,6.402467822544424,0.7890969948485917,-1.1465051924890872,-0.1787040988202761,0.0,0.0,0.0,71.99697998054903,0.1736611593721851,0.8598111290902442,0.2421274735986343
2024-05-24 06:51:39,321.94,315.33,323.30640471522804,315.5110899506985,1.84,2.6,319.40874733296323,638.8174946659265,7.795314764529564,0.0244054516515729,4.44,0.76,-0.4554682384093667,-0.0603633168994974,-0.2579157776544889,0.3951049215098692,1.531908567961254,-0.728177253863521,0.4601211056331635,-0.1340280741152355,0.0,0.0,0.0,71.93889085452079,0.2495939110703325,0.6869176616685655,0.2201904692625761
2024-05-24 06:51:40,321.94,315.33,322.964803536421,315.4658174630238,1.84,2.6,319.2153104997224,638.4306209994448,7.498986073397191,0.0234919372700695,4.44,0.76,-0.341601178807025,-0.0452724876746515,-0.1934368332408098,0.2963286911323735,1.5319065881154452,0.1138670596023416,0.0150908292248459,0.064478944413679,0.0,0.0,0.0,71.89532400999963,0.2434356495710796,0.4787481732778131,0.1576725772502249
2024-05-24 06:51:41,327.23,316.65,324.0311026523158,315.7618630972679,1.93,2.6,319.89648287479184,639.7929657495837,8.269239555047875,0.0258497356860117,4.53,0.6700000000000002,1.0662991158947648,0.2960456342440807,0.6811723750694227,0.7702534816506841,1.130774498595431,1.4079002947017898,0.3413181219187322,0.8746092083102326,0.0899999999999998,0.0,0.0899999999999998,70.61730954911309,0.2797857667609954,0.3939859962195084,0.3811558567171163
2024-05-24 06:51:42,325.91,312.69,324.5008269892368,314.99389732295094,1.93,2.6,319.7473621560939,639.4947243121878,9.506929666285885,0.0297326288243534,4.53,0.6700000000000002,0.4697243369210468,-0.7679657743169628,-0.1491207186979295,1.2376901112380096,8.299864848963777,-0.5965747789737179,-1.0640114085610437,-0.8302930937673523,0.0,0.0,0.0,70.58439107543109,0.2728410445348206,0.7672237327330397,0.3889557369326323
2024-05-24 06:51:43,325.91,317.97,324.8531202419276,315.7379229922132,1.93,2.68,320.29552161707045,640.5910432341409,9.115197249714411,0.0284587095543389,4.61,0.7500000000000002,0.3522932526907993,0.7440256692622711,0.5481594609765352,0.3917324165714717,0.7146309237145807,-0.1174310842302475,1.511991443579234,0.6972801796744648,0.0,0.08,0.08,69.47840610383174,0.4226234095195795,0.8550547564440949,0.4504323868658175
2024-05-24 06:51:44,324.58,316.65,324.7848401814457,315.9659422441599,1.93,2.68,320.3753912128028,640.7507824256056,8.818897937285783,0.0275267643884084,4.61,0.7500000000000002,-0.0682800604819249,0.228019251946705,0.0798695957323616,0.2962993124286299,3.709742111120584,-0.4205733131727243,-0.5160064173155661,-0.4682898652441736,0.0,0.0,0.0,69.49573139198945,0.4675370912737411,0.7824229863616012,0.4011322944650584
2024-05-24 06:51:45,325.91,316.65,325.06613013608427,316.13695668311993,1.93,2.68,320.6015434096021,641.2030868192041,8.929173452964335,0.027851311413386,4.61,0.7500000000000002,0.2812899546385665,0.1710144389600145,0.2261521967992621,0.1102755156785519,0.4876142245136363,0.3495700151204914,-0.0570048129866904,0.1462826010669005,0.0,0.0,0.0,69.5447882570095,0.3523940032858944,0.4516835912783513,0.3390822983855432
2024-05-24 06:51:46,325.91,316.65,325.27709760206324,316.26521751234,1.93,2.68,320.7711575572016,641.5423151144032,9.011880089723263,0.0280944213633727,4.61,0.7500000000000002,0.2109674659789675,0.1282608292200393,0.1696141475995318,0.0827066367589282,0.4876135058066976,-0.070322488659599,-0.0427536097399752,-0.0565380491997302,0.0,0.0,0.0,69.58158090577454,0.389582131250083,0.2641054742828639,0.2529810026952844
2024-05-24 06:51:47,324.58,314.01,325.10282320154744,315.7014131342549,1.93,2.68,320.4021181679012,640.8042363358024,9.401410067292488,0.0293425339748325,4.61,0.7500000000000002,-0.1742744005157988,-0.5638043780850239,-0.3690393893003829,0.3895299775692251,1.055521262341192,-0.3852418664947663,-0.6920652073050633,-0.5386535368999148,0.0,0.0,0.0,69.50152899487466,0.1937576404356792,0.2219566332891825,0.3306133338279097
2024-05-24 06:51:48,323.26,315.33,324.6421174011606,315.6085598506912,1.93,2.68,320.1253386259259,640.2506772518518,9.033557550469368,0.0282188144213303,4.61,0.7500000000000002,-0.4607058003868474,-0.092853283563727,-0.2767795419753156,0.3678525168231203,1.3290403805045188,-0.2864313998710486,0.4709510945212969,0.0922598473250673,0.0,0.0,0.0,69.44149006169974,0.2445614341606342,0.2194384616476032,0.2707847222064887
2024-05-24 06:51:49,325.91,314.01,324.95908805087043,315.2089198880184,1.93,2.68,320.08400396944444,640.1680079388889,9.750168162852049,0.0304612789501393,4.61,0.7500000000000002,0.3169706497098445,-0.3996399626728362,-0.0413346564814673,0.7166106123826808,17.336379130786735,0.777676450096692,-0.3067866791091092,0.2354448854938482,0.0,0.0,0.0,69.43252376072031,0.2973316147114493,0.3451468824237242,0.263361922837354
2024-05-24 06:51:50,325.91,314.01,325.19681603815286,314.9091899160138,1.93,2.68,320.05300297708334,640.1060059541667,10.287626122139043,0.0321435074637689,4.61,0.7500000000000002,0.237727987282426,-0.2997299720045703,-0.0310009923611005,0.5374579592869964,17.336239330262096,-0.0792426624274185,0.0999099906682658,0.0103336641203668,0.0,0.0,0.0,69.42579903498574,0.3040382585264881,0.5358267967976057,0.2145088802995254
2024-05-24 06:51:51,325.91,312.69,325.37511202861464,314.35439243701035,1.93,2.68,319.8647522328125,639.729504465625,11.02071959160429,0.0344543107054464,4.61,0.7500000000000002,0.1782959904617769,-0.5547974790034687,-0.1882507442708174,0.7330934694652456,3.89421873515617,-0.0594319968206491,-0.2550675069988983,-0.1572497519097169,0.0,0.0,0.0,69.38496374139886,0.1933603008893129,0.7791055663637866,0.1471315919231977
2024-05-24 06:51:52,324.58,315.33,325.17633402146095,314.59829432775774,1.93,2.68,319.88731417460934,639.7746283492187,10.578039693703204,0.0330680186175222,4.61,0.7500000000000002,-0.1987780071536917,0.2439018907473951,0.0225619417968232,0.4426798979010868,19.619777504519117,-0.3770739976154686,0.7986993697508638,0.2108126860676407,0.0,0.0,0.0,69.38985787087884,0.1188741628216809,0.7689837986899,0.1247189679280827
2024-05-24 06:51:53,324.58,319.3,325.0272505160957,315.7737207458183,1.93,2.74,320.400485630957,640.800971261914,9.253529770277396,0.0288811351929554,4.67,0.8100000000000003,-0.1490835053652404,1.1754264180605674,0.5131714563476635,1.3245099234258078,2.5810230207064744,0.0496945017884513,0.9315245273131724,0.4906095145508402,0.0,0.06,0.06,68.60822634319715,0.2147532861709893,0.6928043083004642,0.2677782515554786
2024-05-24 06:51:54,324.58,317.97,324.9154378870718,316.32279055936374,1.93,2.74,320.61911422321776,641.2382284464355,8.59264732770805,0.0268001716670129,4.67,0.8100000000000003,-0.111812629023916,0.5490698135454295,0.2186285922607567,0.6608824425693456,3.0228407588169475,0.0372708763413243,-0.6263566045151379,-0.2945428640869068,0.0,0.0,0.0,68.65504187755373,0.3322177977983641,0.997782784939604,0.26962161156367
2024-05-24 06:51:55,321.94,317.97,324.1715784153038,316.7345929195228,1.93,2.74,320.45308566741335,640.9061713348267,7.436985495781016,0.0232077199602686,4.67,0.8100000000000003,-0.7438594717679621,0.4118023601590721,-0.1660285558044165,1.1556618319270342,6.960578954318279,-0.632046842744046,-0.1372674533863573,-0.3846571480651732,0.0,0.0,0.0,68.61948973188943,0.3463973081065526,1.4610286475158598,0.2926785943753918
2024-05-24 06:51:56,324.58,317.97,324.27368381147784,317.0434446896421,1.93,2.74,320.65856425055995,641.3171285011199,7.230239121835723,0.0225480929105576,4.67,0.8100000000000003,0.1021053961740108,0.3088517701193041,0.2054785831466006,0.2067463739452932,1.0061650446204615,0.8459648679419729,-0.102950590039768,0.3715071389510171,0.0,0.0,0.0,68.66348941907292,0.3084082805037246,1.3754064441466096,0.2526914480903189
2024-05-24 06:51:57,323.26,315.33,324.0202628586084,316.6150835172316,1.93,2.74,320.31767318792,640.63534637584,7.405179341376765,0.0231182352336649,4.67,0.8100000000000003,-0.2534209528694759,-0.4283611724105185,-0.3408910626399688,0.1749402195410425,0.5131836106310421,-0.3555263490434868,-0.7372129425298226,-0.5463696457865694,0.0,0.0,0.0,68.59049348981296,0.1450484208569029,0.8922682736420756,0.3391516161536758
2024-05-24 06:51:58,323.26,315.33,323.8301971439563,316.2938126379237,1.93,2.74,320.06200489094,640.12400978188,7.536384506032618,0.0235466389865737,4.67,0.8100000000000003,-0.1900657146520643,-0.3212708793079173,-0.2556682969799908,0.1312051646558529,0.5131831088271869,0.0633552382174116,0.1070902931026012,0.085222765659978,0.0,0.0,0.0,68.53574654286797,0.2430347215444421,0.543721504355111,0.2627948549840326
2024-05-24 06:51:59,323.26,316.65,323.68764785796725,316.38285947844275,1.93,2.74,320.035253668205,640.07050733641,7.304788379524496,0.0228249490422475,4.67,0.8100000000000003,-0.1425492859890482,0.0890468405190745,-0.0267512227350152,0.2315961265081227,8.657079779953857,0.047516428663016,0.4103177198269918,0.2289170742449755,0.0,0.0,0.0,68.5300182308751,0.2640581659714412,0.1187283685878726,0.2144160223261883
2024-05-24 06:52:00,327.23,316.65,324.57323589347544,316.44964460883205,1.98,2.74,320.5114402511538,641.0228805023075,8.123591284643396,0.0253457138782066,4.720000000000001,0.7600000000000002,0.8855880355081922,0.0667851303892916,0.4761865829487988,0.8188029051189005,1.719496548079753,1.0281373214972405,-0.0222617101297828,0.5029378056838141,0.05,0.0,0.05,67.90495176826313,0.2733482677909724,0.3563888592581553,0.3356272787669218
2024-05-24 06:52:01,325.91,317.97,324.9074269201066,316.829733456624,1.98,2.74,320.8685801883653,641.7371603767306,8.077693463482603,0.0251744606267343,4.720000000000001,0.7600000000000002,0.3341910266311743,0.380088847791967,0.3571399372115138,0.0458978211607927,0.1285145901199507,-0.5513970088770179,0.3133037174026754,-0.1190466457372849,0.0,0.0,0.0,67.980616993167,0.3455559598807146,0.3845175636701352,0.3632388609068825
2024-05-24 06:52:02,328.55,320.62,325.81807019007994,317.777300092468,2.35,2.8,321.797685141274,643.595370282548,8.040770097611926,0.024987035158736,5.15,0.4499999999999997,0.9106432699733203,0.947566635843998,0.9291049529086876,0.0369233658706775,0.0397407483560773,0.5764522433421462,0.567477788052031,0.5719650156971738,0.3700000000000001,0.0599999999999996,0.3100000000000005,62.4849752730677,0.7258932334232343,0.3718660799684927,0.4597644613374537
2024-05-24 06:52:03,348.37,319.3,331.45605264255994,318.157975069351,3.33,2.8,324.80701385595546,649.6140277119109,13.298077573208955,0.0409414728284312,6.13,0.5300000000000002,5.637982452480003,0.3806749768829718,3.0093287146814878,5.257307475597031,1.7470028126025643,4.727339182506682,-0.5668916589610262,2.0802237617728,0.98,0.0,0.98,52.98645364918463,1.903438063932289,2.4434231592715783,1.2011756257267563
2024-05-24 06:52:04,381.39,348.37,343.93953948191995,325.71098130201324,4.26,3.75,334.8252603919666,669.6505207839332,18.228558179906717,0.0544420038802486,8.01,0.5099999999999998,12.483486839360012,7.553006232662256,10.018246536011134,4.930480606697756,0.4921500081700793,6.845504386880009,7.172331255779284,7.008917821329646,0.9299999999999996,0.9500000000000002,0.0200000000000004,41.800901197386445,5.980893881455978,4.554823845434874,4.089315401188021
2024-05-24 06:52:05,397.24,337.8,357.26465461144,328.73323597650995,5.21,4.73,342.998945293975,685.99789058795,28.53141863493005,0.0831822340657471,9.94,0.4799999999999995,13.325115129520045,3.022254674496708,8.173684902008404,10.302860455023335,1.2604913595336176,0.8416282901600312,-4.530751558165548,-1.84456163400273,0.9500000000000002,0.9800000000000004,0.0300000000000002,34.50693267475275,9.558515690335552,8.551195645412152,4.361297289359973
2024-05-24 06:52:06,409.12,344.41,370.22849095858,332.65242698238245,6.14,5.72,351.44045897048125,702.8809179409625,37.57606397619753,0.1069201422606653,11.86,0.4199999999999999,12.963836347139988,3.9191910058725057,8.441513676506247,9.044645341267485,1.071448156862159,-0.3612787823800545,0.8969363313757981,0.2678287744978433,0.9299999999999996,0.9899999999999992,0.0599999999999996,29.632413940815123,12.372846039168122,11.89894120503789,3.918701397054539
2024-05-24 06:52:07,414.4,361.58,381.271368218935,339.88432023678683,7.06,6.67,360.5778442278609,721.1556884557218,41.38704798214815,0.1147797861956669,13.73,0.3899999999999997,11.042877260355,7.231893254404383,9.137385257379664,3.810984005950616,0.4170759447618553,-1.9209590867849895,3.3127022485318776,0.6958715808734155,0.92,0.9500000000000002,0.0300000000000002,26.262040638442848,13.94640188434197,12.06889013062798,2.747783769824724
2024-05-24 06:52:08,403.84,372.15,386.9135261642012,347.9507401775901,8.02,7.62,367.43213317089567,734.8642663417913,38.962785986611095,0.1060407687926641,15.64,0.3999999999999994,5.642157945266206,8.066419940803257,6.85428894303476,2.4242619955370515,0.3536853584667154,-5.400719315088793,0.8345266863988741,-2.2830963143449026,0.96,0.9500000000000002,0.0099999999999997,23.49310164180269,13.101034150063226,9.552247510646096,1.1754221175891673
2024-05-24 06:52:09,395.92,391.96,389.1651446231509,358.9530551331926,8.94,8.58,374.05909987817176,748.1181997563435,30.21208948995832,0.0807682246442606,17.52,0.3599999999999994,2.251618458949736,11.002314955602516,6.626966707276097,8.750696496652779,1.3204676532594128,-3.39053948631647,2.9358950147992573,-0.2273222357586632,0.92,0.96,0.04,21.35040402555752,12.380349957996335,5.642326845258464,1.0722895898302458
2024-05-24 06:52:10,390.64,406.48,389.5338584673632,370.8347913498944,9.87,9.53,380.1843249086288,760.3686498172576,18.69906711746876,0.0491842136647232,19.4,0.3399999999999998,0.3687138442122659,11.881736216701825,6.125225030457045,11.51302237248956,1.8796077590022409,-1.8829046147374695,0.87942126109931,-0.5017416768190515,0.9299999999999996,0.9499999999999992,0.0199999999999995,19.597129139768025,11.256623111956786,9.198531466057654,1.2861587579815712
2024-05-24 06:52:11,414.4,413.08,395.7503938505224,381.3960935124208,10.8,10.46,388.5732436814716,777.1464873629432,14.35430033810161,0.0369410414499031,21.26,0.3399999999999998,6.216535383159226,10.561302162526374,8.388918772842771,4.3447667793671485,0.5179173120039063,5.84782153894696,-1.3204340541754505,2.263693742385726,0.9300000000000016,0.9300000000000016,0.0,18.277197808291334,10.88328156335522,11.983191105098587,1.2760656104089405
2024-05-24 06:52:12,448.71,410.44,408.9902953878918,388.6570701343156,11.72,11.41,398.8236827611037,797.6473655222075,20.333225253576188,0.0509829934416729,23.130000000000003,0.3100000000000005,13.239901537369406,7.260976621894827,10.250439079632145,5.978924915474579,0.5832847047567097,7.02336615421018,-3.3003255406315475,1.861520306789373,0.92,0.9499999999999992,0.0299999999999993,17.242700627687118,12.294806747539976,9.946701022107131,1.6817381490677548
2024-05-24 06:52:13,463.22,405.16,422.5477215409189,392.7828026007367,12.65,12.34,407.6652620708278,815.3305241416556,29.76491894018216,0.0730131351294721,24.99,0.3100000000000005,13.557426153027052,4.125732466421084,8.841579309724068,9.431693686605968,1.0667429753743105,0.3175246156576463,-3.1352441554737425,-1.4088597699080765,0.9299999999999996,0.9299999999999996,0.0,16.313135084341443,13.622755179365196,7.028524679548445,1.6817491928136172
2024-05-24 06:52:14,475.09,403.84,435.6832911556891,395.5471019505525,13.57,13.24,415.6151965531208,831.2303931062416,40.13618920513659,0.0965705523797807,26.81,0.33,13.135569614770247,2.764299349815815,7.949934482293031,10.371270264954433,1.3045728846547828,-0.4218565382568044,-1.3614331166052691,-0.8916448274310369,0.92,0.9000000000000004,0.0199999999999995,15.502244724016265,14.234679471520089,10.320292455919144,1.496411538288452
2024-05-24 06:52:15,480.36,422.32,446.85246836676686,402.2403264629144,14.5,14.16,424.5463974148406,849.0927948296812,44.61214190385249,0.1050818993410945,28.66,0.3399999999999998,11.169177211077738,6.693224512361837,8.931200861719788,4.475952698715901,0.5011590565319519,-1.9663924036925096,3.9289251625460224,0.9812663794267564,0.9299999999999996,0.92,0.0099999999999997,14.81320246342073,14.04392879329812,12.79080710626295,0.8643054854335149
2024-05-24 06:52:16,472.45,434.2,453.2518512750751,410.2302448471858,15.4,15.06,431.74104806113047,863.4820961222609,43.02160642788931,0.0996467825365335,30.46,0.3399999999999998,6.399382908308269,7.989918384271448,7.194650646289858,1.5905354759631791,0.2210719231671747,-4.769794302769469,1.2966938719096106,-1.7365502154299293,0.9000000000000004,0.9000000000000004,0.0,14.174032629254688,13.085735632759569,10.295570137408491,1.1493437312860595
2024-05-24 06:52:17,461.9,459.26,455.4138884563064,422.4876836353894,16.33,15.96,438.9507860458479,877.9015720916957,32.92620482091701,0.0750111533971982,32.29,0.3699999999999974,2.1620371812312555,12.257438788203558,7.209737984717378,10.095401606972302,1.4002450890901486,-4.237345727077013,4.26752040393211,0.01508733842752,0.929999999999998,0.9000000000000004,0.0299999999999975,13.5940158702952,12.454297600516922,6.461766362040673,0.8437665436612017
2024-05-24 06:52:18,460.58,472.45,456.7054163422298,434.978262726542,17.25,16.86,445.84183953438594,891.6836790687719,21.72715361568777,0.0487328726026377,34.11,0.3900000000000005,1.291527885923415,12.490579091152654,6.891053488538091,11.19905120522924,1.6251578367079595,-0.8705092953078406,0.2331403029490957,-0.3186844961792872,0.9200000000000016,0.8999999999999986,0.0200000000000031,13.070707313505675,11.851273441205947,9.388395685353618,0.8227289424916207
2024-05-24 06:52:19,481.68,483.0,462.94906225667233,446.9836970449065,18.15,17.76,454.9663796507895,909.9327593015788,15.9653652117658,0.0350913076015171,35.91,0.389999999999997,6.2436459144425385,12.005434318364507,9.124540116403525,5.761788403921969,0.6314606214622444,4.952118028519124,-0.4851447727881464,2.233486627865432,0.8999999999999986,0.9000000000000021,3.552713678800501e-15,12.66962871014093,11.865058665096235,12.68296004306725,1.066582960125669
2024-05-24 06:52:20,513.31,473.77,475.53929669250425,453.6802727836799,19.08,18.63,464.6097847380921,929.2195694761842,21.859023908824327,0.0470481349722293,37.71,0.4499999999999993,12.590234435831915,6.69657573877339,9.643405087302654,5.893658697058527,0.6111594434272171,6.3465885213893785,-5.308858579591117,0.5188649708991306,0.9299999999999996,0.8699999999999974,0.0600000000000022,12.32059857909026,12.964260202458624,10.813852392897074,1.271557230665089
2024-05-24 06:52:21,529.13,469.81,488.9369725193782,457.71270458776,19.97,19.5,473.32483855356907,946.649677107138,31.22426793161821,0.0659679470045737,39.47,0.4699999999999988,13.397675826873922,4.0324318040800335,8.71505381547695,9.365244022793888,1.0746052917719209,0.8074413910420049,-2.6641439346933566,-0.9283512718257044,0.8900000000000006,0.870000000000001,0.0199999999999995,11.992014860946396,13.857731107499433,7.131464811082946,1.2071941296551585
2024-05-24 06:52:22,537.03,467.17,500.9602293895336,460.07702844082,20.9,20.37,480.5186289151768,961.0372578303536,40.88320094871364,0.0850814066375127,41.27,0.5299999999999976,12.02325687015542,2.36432385306,7.193790361607739,9.65893301709542,1.3426762789707525,-1.3744189567185003,-1.6681079510200334,-1.52126345386921,0.9299999999999996,0.870000000000001,0.0599999999999987,11.643290944315142,13.887094331805017,9.802435622552878,1.2108656828009638
2024-05-24 06:52:23,537.03,485.63,509.9776720421502,466.465271330615,21.8,21.24,488.2214716863826,976.4429433727652,43.51240071153518,0.0891243076059584,43.04,0.5600000000000023,9.01744265261658,6.388242889795038,7.702842771205779,2.6291997628215427,0.3413284549077613,-3.005814217538841,4.0239190367350375,0.5090524095980413,0.9000000000000021,0.8699999999999974,0.0300000000000046,11.343435416890037,13.054493853740595,11.86804269443899,1.0102498796460204
2024-05-24 06:52:24,529.13,500.13,514.7657540316127,474.8814534979613,22.7,22.08,494.823603764787,989.647207529574,39.88430053365141,0.0806030677388769,44.78,0.620000000000001,4.788081989462512,8.416182167346278,6.602132078404395,3.6281001778837663,0.549534542063579,-4.229360663154068,2.0279392775512406,-1.1007106928013854,0.8999999999999986,0.8399999999999999,0.0599999999999987,11.050102561739267,11.92233523902208,8.89879035391867,1.2145283421109243
2024-05-24 06:52:25,517.27,530.44,515.3918155237095,488.77109012347097,23.62,22.92,502.0814528235902,1004.1629056471804,26.62072540023854,0.0530207303964506,46.540000000000006,0.6999999999999993,0.6260614920968237,13.889636625509697,7.257849058803231,13.263575133412871,1.8274799046482288,-4.162020497365688,5.473454458163417,0.6557169803988359,0.9200000000000016,0.8400000000000034,0.0799999999999983,10.788170219927371,11.358004079760844,7.163186776839289,0.7867510169133615
2024-05-24 06:52:26,527.81,535.71,518.4963616427822,500.5058175926033,24.52,23.76,509.5010896176928,1019.0021792353856,17.990544050178926,0.0353101188230394,48.28,0.759999999999998,3.104546119072665,11.73472746913228,7.41963679410253,8.630181350059615,1.163153996131628,2.478484626975842,-2.154909156377414,0.1617877352992991,0.8999999999999986,0.8399999999999999,0.0599999999999987,10.553046376649675,11.359070899437665,10.9886269471098,0.4048794299674251
2024-05-24 06:52:27,551.52,539.66,526.7522712320866,510.2943631944525,25.42,24.58,518.5233172132696,1037.0466344265392,16.457908037634184,0.0317399574128024,50.0,0.8400000000000034,8.255909589304451,9.788545601849194,9.022227595576853,1.5326360125447422,0.1698733296666986,5.151363470231786,-1.9461818672830875,1.6025908014743209,0.9000000000000021,0.8199999999999967,0.0800000000000054,10.37046613685607,11.923252689085023,12.381375672134052,0.8914373386187517
2024-05-24 06:52:28,579.17,531.76,539.856703424065,515.6607723958393,26.32,25.42,527.7587379099522,1055.5174758199043,24.195931028225687,0.0458465758012849,51.74,0.8999999999999986,13.10443219197839,5.366409201386887,9.23542069668258,7.738022990591503,0.8378635264019452,4.848522602673938,-4.422136400462307,0.2131931011057304,0.8999999999999986,0.8400000000000034,0.0599999999999951,10.2002073388045,13.03696405262359,9.312773798707358,1.1586666088531905
2024-05-24 06:52:29,594.96,526.49,553.6325275680488,518.3680792968795,27.22,26.23,536.0003034324641,1072.0006068649282,35.26444827116927,0.0657918437350674,53.45,0.9899999999999984,13.775824143983757,2.7073069010401696,8.241565522511905,11.068517242943583,1.343011333186457,0.6713919520053651,-2.659102300346717,-0.993855174170676,0.8999999999999986,0.8099999999999987,0.0899999999999998,10.028069100175772,13.62132409232109,7.528861324073556,0.9000350694991657
2024-05-24 06:52:30,600.23,539.66,565.2818956760366,523.6910594726596,28.11,27.05,544.4864775743481,1088.9729551486962,41.590836203376966,0.0763854344230475,55.16,1.0599999999999987,11.649368107987812,5.322980175780117,8.486174141884021,6.326387932207695,0.7454934439172051,-2.1264560359959432,2.615673274739948,0.2446086193721157,0.8900000000000006,0.8200000000000003,0.0700000000000002,9.871038210719904,13.830234238835938,10.969417430447304,0.7151792420892746
2024-05-24 06:52:31,584.43,556.79,570.0689217570274,531.9657946044947,29.01,27.86,551.017358180761,1102.034716361522,38.10312715253269,0.0691505022803337,56.870000000000005,1.150000000000002,4.787026080990813,8.274735131835087,6.530880606412893,3.4877090508442734,0.5340334216776452,-6.862342026996998,2.9517549560549696,-1.955293535471128,0.9000000000000021,0.8099999999999987,0.0900000000000034,9.689068902614595,12.9413484940706,10.470178710528918,1.06822638920754
2024-05-24 06:52:32,560.74,591.01,567.7366913177705,546.726845953371,29.91,28.67,557.2317686355707,1114.4635372711414,21.00984536439944,0.0377039618149192,58.58,1.2399999999999984,-2.332230439256932,14.761051348876322,6.214410454809695,17.093281788133254,2.75058739068585,-7.119256520247745,6.486316217041235,-0.3164701516031982,0.8999999999999986,0.8100000000000023,0.0899999999999963,9.512320913677874,11.72471657690915,8.966193764978938,1.3070965693561247
2024-05-24 06:52:33,584.43,600.23,571.9100184883279,560.1026344650282,30.81,29.46,566.006326476678,1132.012652953356,11.80738402329962,0.0208608693050099,60.27,1.349999999999998,4.1733271705574,13.37578851165722,8.774557841107367,9.20246134109982,1.048766269363629,6.505557609814332,-1.385262837219102,2.560147386297672,0.8999999999999986,0.7899999999999991,0.1099999999999994,9.391178315671144,11.526368235858657,12.634547587983915,1.1860766941198064
2024-05-24 06:52:34,612.07,589.7,581.950013866246,567.5019758487713,31.71,30.27,574.7259948575086,1149.4519897150171,14.448038017474689,0.0251390021011974,61.98,1.4400000000000013,10.039995377918103,7.399341383743035,8.719668380830512,2.640653994175068,0.3028387750549731,5.866668207360704,-5.976447127914184,-0.0548894602768541,0.9000000000000021,0.8099999999999987,0.0900000000000034,9.272765175617028,11.973069994901827,13.670135534012116,1.2625467388863647
2024-05-24 06:52:35,633.12,579.17,594.7425103996844,570.4189818865784,32.6,31.06,582.5807461431314,1165.1614922862627,24.323528513106,0.0417513428522725,63.66,1.5400000000000027,12.792496533438452,2.917006037807141,7.854751285622797,9.875490495631311,1.2572631365736688,2.752501155520349,-4.482335345935894,-0.8649170952077156,0.8900000000000006,0.7899999999999991,0.1000000000000014,9.151441046052314,12.766533553413728,10.327057458436428,1.1999207239998706
2024-05-24 06:52:36,648.9,584.43,608.2818827997634,573.9217364149338,33.47,31.85,591.1018096073485,1182.203619214697,34.36014638482959,0.0581289817899983,65.32,1.6199999999999974,13.539372400078946,3.5027545283553536,8.52106346421715,10.036617871723593,1.1778596340716314,0.7468758666404938,0.5857484905482124,0.6663121785943531,0.8699999999999974,0.7900000000000027,0.0799999999999947,9.049323339835048,13.333775495096496,8.89932225157234,1.072073967312968
2024-05-24 06:52:37,638.38,600.23,615.8064120998225,580.4988023112003,34.34,32.63,598.1526072055115,1196.305214411023,35.307609788622244,0.0590277619862711,66.97,1.7100000000000009,7.524529300059157,6.577065896266504,7.050797598162944,0.9474634037926536,0.1343767504633462,-6.014843100019789,3.0743113679111502,-1.4702658660542056,0.8700000000000045,0.7800000000000011,0.0900000000000034,8.931649966759169,12.76202640858728,10.89939255388428,0.7317552896346909
2024-05-24 06:52:38,621.28,625.23,617.174809074867,591.6816017334002,35.24,33.42,604.4282054041336,1208.8564108082671,25.49320734146681,0.0421773952164328,68.66,1.8200000000000005,1.3683969750444476,11.182799422199878,6.275598198622106,9.81440244715543,1.5638988623286072,-6.15613232501471,4.605733525933374,-0.7751993995408384,0.8999999999999986,0.7899999999999991,0.1099999999999994,8.803207057980288,11.874309377938072,8.513899079330619,1.023105621314845
2024-05-24 06:52:39,616.02,642.32,616.8861068061502,604.3412013000501,36.11,34.18,610.6136540531002,1221.2273081062003,12.544905506100122,0.0205447510095547,70.28999999999999,1.93,-0.2887022687167473,12.659599566649945,6.185448648966599,12.948301835366692,2.09334851469205,-1.6570992437611949,1.476800144450067,-0.0901495496555071,0.8699999999999974,0.759999999999998,0.1099999999999994,8.68706281641823,10.998149897166398,9.21692627679668,1.0096383414663137
2024-05-24 06:52:40,652.84,635.75,625.8745801046127,612.1934009750375,37.01,34.96,619.0339905398251,1238.0679810796505,13.681179129575185,0.0221008528070384,71.97,2.049999999999997,8.988473298462509,7.852199674987446,8.420336486724977,1.1362736234750628,0.1349439526938732,9.277175567179256,-4.807399891662499,2.2348878377583787,0.8999999999999986,0.7800000000000011,0.1199999999999974,8.601278059449037,10.819910279739844,10.894227989136388,1.1290967863388763
2024-05-24 06:52:41,676.5,613.39,638.5309350784596,612.4925507312781,37.88,35.72,625.5117429048689,1251.0234858097378,26.03838434718148,0.0416273309029055,73.6,2.160000000000004,12.656354973846874,0.2991497562405811,6.477752365043784,12.357205217606293,1.9076374973289476,3.667881675384365,-7.553049918746865,-1.9425841216811928,0.8700000000000045,0.759999999999998,0.1100000000000065,8.498800739212884,10.977558879615572,9.517430334972518,0.9234845497291144
2024-05-24 06:52:42,688.33,625.23,650.9807013088447,615.6769130484586,38.78,36.48,633.3288071786517,1266.6576143573034,35.30378826038611,0.0557432218532959,75.25999999999999,2.3000000000000043,12.44976623038508,3.184362317180444,7.817064273782762,9.265403913204636,1.185279077082723,-0.2065887434617934,2.8852125609398627,1.3393119087389778,0.8999999999999986,0.759999999999998,0.1400000000000005,8.415211251175133,11.50563323484293,9.516156094050404,1.0173169297759024
2024-05-24 06:52:43,683.08,643.64,659.0055259816335,622.6676847863439,39.65,37.26,640.8366053839886,1281.6732107679773,36.33784119528957,0.0567037538637672,76.91,2.390000000000001,8.024824672788782,6.990771737885325,7.50779820533694,1.0340529349034568,0.1377304995275309,-4.4249415575962985,3.806409420704881,-0.3092660684458224,0.8699999999999974,0.7800000000000011,0.0899999999999963,8.332292251354783,11.824216880811717,11.388576493140516,0.9330497274253832
2024-05-24 06:52:44,671.25,669.93,662.0666444862251,634.4832635897579,40.52,38.02,648.2749540379915,1296.549908075983,27.583380896467133,0.0425488917659184,78.54,2.5,3.0611185045916045,11.81557880341404,7.43834865400288,8.754460298822437,1.1769358400772816,-4.963706168197177,4.8248070655287165,-0.0694495513340598,0.8700000000000045,0.7600000000000051,0.1099999999999994,8.25407366671655,11.674536552407098,9.106210414272471,0.7055489694423661
2024-05-24 06:52:45,664.67,681.76,662.7174833646689,646.3024476923185,41.39,38.75,654.5099655284937,1309.0199310569874,16.415035672350314,0.025079886498009,80.14,2.640000000000001,0.6508388784437784,11.819184102560598,6.235011490502188,11.16834522411682,1.7912306095825137,-2.410279626147826,0.0036052991465567,-1.2033371635006915,0.8699999999999974,0.7299999999999969,0.1400000000000005,8.167082073389214,11.542485836646456,8.070538999466471,0.694665775969836
2024-05-24 06:52:46,694.9,667.3,670.7631125235016,651.5518357692389,42.26,39.51,661.1574741463703,1322.3149482927406,19.211276754262716,0.0290570362983639,81.77,2.75,8.045629158832753,5.249388076920354,6.6475086178766105,2.796241081912399,0.4206449095451767,7.394790280388975,-6.569796025640244,0.4124971273744222,0.8699999999999974,0.759999999999998,0.1099999999999994,8.085574979342,10.970601836555169,9.071793780245692,0.66023980760524
2024-05-24 06:52:47,725.12,659.42,684.3523343926262,653.5188768269292,43.13,40.24,668.9356056097777,1337.871211219555,30.833457565697017,0.0460933119137783,83.37,2.890000000000001,13.589221869124572,1.9670410576902668,7.778131463407362,11.622180811434305,1.4942122503199158,5.5435927102918185,-3.2823470192300874,1.130622845530752,0.8700000000000045,0.730000000000004,0.1400000000000005,8.023696744465406,10.929927577360049,8.226020319048935,0.650252616504836
2024-05-24 06:52:48,739.56,673.88,698.1542507944696,658.6091576201969,44.0,41.0,678.3817042073333,1356.7634084146666,39.545093174272665,0.0582932777678409,85.0,3.0,13.801916401843414,5.090280793267766,9.446098597555649,8.711635608575648,0.9222468510526765,0.2126945327188423,3.1232397355774992,1.6679671341482845,0.8699999999999974,0.759999999999998,0.1099999999999994,7.980961132074967,11.846231892162455,9.28334747788678,1.2444866869307114
2024-05-24 06:52:49,722.49,705.41,704.2381880958521,670.3093682151476,44.87,41.73,687.2737781554999,1374.547556311,33.92881988070451,0.0493672549568167,86.6,3.140000000000001,6.083937301382548,11.700210594950704,8.892073948166626,5.616273293568156,0.6316043585222056,-7.717979100460866,6.609929801682938,-0.5540246493890209,0.8699999999999974,0.7299999999999969,0.1400000000000005,7.936186723086759,13.11380357384834,9.847851777577125,1.3856559347670423
2024-05-24 06:52:50,690.96,725.12,700.9186410718892,684.0120261613607,45.71,42.46,692.465333616625,1384.93066723325,16.906614910528447,0.0244151065264351,88.17,3.25,-3.3195470239629685,13.702657946213094,5.191555461125063,17.022204970176062,3.278824972364295,-9.403484325345516,2.00244735126239,-3.7005184870415633,0.8400000000000034,0.730000000000004,0.1099999999999994,7.853752135225959,12.850976860945911,9.704860158552842,1.7187722701122918
2024-05-24 06:52:51,730.37,700.16,708.2814808039168,688.0490196210205,46.58,43.19,698.1652502124687,1396.330500424937,20.23246118289626,0.0289794731945761,89.77,3.390000000000001,7.362839732027623,4.036993459659811,5.699916595843661,3.325846272367812,0.5834902376120307,10.682386755990592,-9.665664486553284,0.5083611347185979,0.8699999999999974,0.7299999999999969,0.1400000000000005,7.777266820042351,11.576720875433788,9.479556605615292,1.8923058890061104
2024-05-24 06:52:52,759.25,688.33,721.0236106029377,688.1192647157654,47.45,43.89,704.5714376593515,1409.142875318703,32.90434588717221,0.046701220176881,91.34,3.5600000000000023,12.74212979902086,0.0702450947449051,6.406187446882882,12.671884704275952,1.9780693011679715,5.379290066993235,-3.966748364914906,0.7062708510392213,0.8700000000000045,0.7000000000000028,0.1700000000000017,7.713722683880325,10.04883054176882,9.661990129232247,1.9232646432193248
2024-05-24 06:52:53,769.75,708.04,733.2052079522032,693.0994485368241,48.29,44.62,713.1523282445137,1426.3046564890274,40.10575941537911,0.0562372970973334,92.91,3.6700000000000017,12.18159734926553,4.980183821058631,8.580890585162138,7.201413528206899,0.8392383771238182,-0.5605324497553283,4.909938726313726,2.174703138279256,0.8399999999999963,0.7299999999999969,0.1099999999999994,7.675732650616522,10.150780192915608,9.82121120226398,1.6868564000315784
2024-05-24 06:52:54,750.06,747.44,737.4189059641524,706.684586402618,49.16,45.32,722.0517461833851,1444.1034923667703,30.73431956153433,0.0425652589048143,94.48,3.839999999999996,4.213698011949191,13.585137865793968,8.899417938871466,9.371439853844777,1.0530395206940522,-7.967899337316339,8.604954044735337,0.318527353709328,0.8699999999999974,0.7000000000000028,0.1699999999999946,7.642376572195265,11.783385133077376,9.504213017114983,1.6889675667120965
2024-05-24 06:52:55,735.62,750.06,736.9691794731143,717.5284398019635,50.01,46.02,727.2488096375389,1454.4976192750778,19.440739671150823,0.026731896136218,96.03,3.989999999999995,-0.4497264910380636,10.843853399345448,5.197063454153749,11.293579890383512,2.173069045036978,-4.663424502987255,-2.741284466448519,-3.702354484717716,0.8500000000000014,0.7000000000000028,0.1499999999999985,7.573141748041207,12.000928774828092,8.79400486995301,1.687530549086988
2024-05-24 06:52:56,761.88,729.06,743.1968846048358,720.4113298514726,50.88,46.72,731.8041072281542,1463.6082144563084,22.78555475336316,0.0311361394356361,97.6,4.160000000000004,6.22770513172145,2.8828900495091148,4.555297590615282,3.3448150822123357,0.7342691188461813,6.677431622759514,-7.960963349836334,-0.6417658635384669,0.8700000000000045,0.6999999999999957,0.1700000000000088,7.497992825104113,10.962988639534634,8.237111173087117,1.9567974416792724
2024-05-24 06:52:57,799.93,735.62,757.3801634536268,724.2134973886044,51.72,47.42,740.7968304211156,1481.5936608422312,33.166666065022355,0.0447716089732683,99.14,4.299999999999997,14.18327884879102,3.8021675371318224,8.99272319296142,10.381111311659197,1.154390047877201,7.955573717069569,0.9192774876227076,4.4374256023461385,0.8399999999999963,0.7000000000000028,0.1399999999999934,7.472229402349064,10.365043797423048,8.267429665927073,2.17972371226321
2024-05-24 06:52:58,805.17,761.88,769.3276225902201,733.6301230414533,52.56,48.13,751.4788728158367,1502.957745631673,35.697499548766814,0.0475029981448488,100.69,4.43,11.947459136593352,9.416625652848891,10.682042394721066,2.530833483744459,0.2369240968441643,-2.2358197121976677,5.614458115717071,1.6893192017596448,0.8400000000000034,0.7100000000000009,0.1300000000000025,7.463291939145344,11.64671422635618,6.949961393506027,2.652835310031328
2024-05-24 06:52:59,788.12,785.5,774.0257169426651,746.59759228109,53.4,48.83,760.3116546118775,1520.623309223755,27.42812466157511,0.0360748443866768,102.23,4.57,4.6980943524449685,12.96746923963667,8.832781796040877,8.269374887191702,0.9362139971219816,-7.249364784148383,3.550843586787778,-1.849260598680189,0.8399999999999963,0.6999999999999957,0.1400000000000005,7.437265452162889,13.671403437609053,6.824321161887017,2.645241978466085
2024-05-24 06:53:00,768.44,759.25,772.6292877069989,749.7606942108175,54.24,49.5,761.1949909589082,1522.3899819178164,22.868593496181347,0.030043016228115,103.74,4.740000000000002,-1.396429235666233,3.163101929727532,0.8833363470306494,4.559531165393764,5.161709940965012,-6.094523588111201,-9.80436730990914,-7.949445449010227,0.8400000000000034,0.6700000000000017,0.1700000000000017,7.337526350697723,12.705688472170651,5.895698141118955,4.001734261064507
2024-05-24 06:53:01,809.11,752.69,781.7494657802491,750.4930206581131,55.11,50.17,766.1212432191811,1532.2424864383622,31.25644512213603,0.0407983009973729,105.28,4.939999999999998,9.120178073250258,0.732326447295577,4.926252260272918,8.387851625954681,1.702683801013103,10.516607308916493,-2.4307754824319545,4.042915913242268,0.8699999999999974,0.6700000000000017,0.1999999999999957,7.276987423463086,9.994910682655291,5.037474521486606,3.953106826055228
2024-05-24 06:53:02,832.71,775.0,794.4895993351869,756.6197654935849,55.93,50.88,775.5546824143859,1551.1093648287715,37.86983384160203,0.0488293535600607,106.81,5.049999999999997,12.740133554937756,6.126744835471754,9.433439195204755,6.613388719466002,0.7010580003282098,3.619955481687498,5.394418388176177,4.507186934931838,0.8200000000000003,0.7100000000000009,0.1099999999999994,7.261068019411271,8.811369301741928,6.086913101002759,4.016852885821426
2024-05-24 06:53:03,830.09,811.73,803.3896995013902,770.3973241201886,56.77,51.55,786.8935118107894,1573.7870236215788,32.992375381201555,0.041927369897043,108.32,5.220000000000006,8.900100166203288,13.777558626603764,11.338829396403526,4.877458460400476,0.4301553414140067,-3.8400333887344686,7.650813791132009,1.9053902011987705,0.8400000000000034,0.6699999999999946,0.1700000000000088,7.264526445220301,11.210274919004664,5.673886368159276,4.176894025232905
2024-05-24 06:53:04,813.04,805.17,805.8022746260426,779.0904930901415,57.61,52.19,792.4463838580921,1584.8927677161842,26.71178153590108,0.0337079984795242,109.8,5.420000000000002,2.4125751246524487,8.693168969952922,5.552872047302685,6.280593845300473,1.1310530227863356,-6.487525041550839,-5.084389656650842,-5.7859573491008405,0.8399999999999963,0.6400000000000006,0.1999999999999957,7.217180115126703,13.277340089431473,5.778391832658478,4.090027346864929
2024-05-24 06:53:05,810.42,784.18,806.956705969532,780.3628698176061,58.43,52.87,793.659787893569,1587.319575787138,26.59383615192587,0.0335078537732143,111.3,5.560000000000002,1.1544313434893638,1.2723767274645752,1.2134040354769695,0.1179453839752113,0.0972019898770644,-1.258143781163085,-7.420792242488346,-4.339468011825716,0.8200000000000003,0.6799999999999997,0.1400000000000005,7.130815640276311,11.81449129976349,4.716912042636132,3.979350380008288
2024-05-24 06:53:06,856.3,801.24,819.292529477149,785.5821523632046,59.27,53.54,802.4373409201768,1604.8746818403536,33.71037711394433,0.0420099805341532,112.81,5.730000000000004,12.335823507616963,5.219282545598503,8.777553026607734,7.116540962018462,0.8107658398280227,11.1813921641276,3.946905818133928,7.564148991130764,0.8400000000000034,0.6700000000000017,0.1700000000000017,7.1131755501019525,9.90185668292241,4.864581342241352,3.973009286002719
2024-05-24 06:53:07,870.72,830.09,832.1493971078617,796.7091142724034,60.11,54.19,814.4292556901325,1628.858511380265,35.44028283545822,0.0435154834435696,114.3,5.920000000000002,12.856867630712712,11.126961909198826,11.99191476995577,1.729905721513887,0.1442559933457794,0.5210441230957485,5.907679363600323,3.214361743348036,0.8399999999999963,0.6499999999999986,0.1899999999999977,7.125365254284929,10.75454594639512,4.147127167208687,4.457599043158948
2024-05-24 06:53:08,818.29,840.58,828.6845478308962,807.6768357043026,60.25,54.83,818.1806917675995,1636.361383535199,21.007712126593677,0.0256761279168449,115.08,5.420000000000002,-3.464849276965424,10.967721431899122,3.7514360774669058,14.432570708864546,3.8472111915601936,-16.321716907678137,-0.1592404772997042,-8.240478692488864,0.1400000000000005,0.6400000000000006,0.5,7.10966879264799,11.752055511311502,5.875697059110533,4.226521649807853
2024-05-24 06:53:09,815.67,803.86,825.4309108731723,806.722626778227,60.25,55.48,816.0767688256997,1632.1535376513991,18.70828409494527,0.0229246619762758,115.73,4.770000000000003,-3.253636957723984,-0.9542089260755802,-2.103922941899782,2.299428031648404,1.0929235538676778,0.2112123192414401,-11.921930357974702,-5.855359019366688,0.0,0.6499999999999986,0.6499999999999986,7.051557606274451,10.51455934374522,7.4338778641666465,5.682089228079122
2024-05-24 06:53:10,813.04,814.35,822.3331831548792,808.6294700836702,60.25,56.12,815.4813266192747,1630.9626532385494,13.703713071208997,0.0168044473945415,116.37,4.130000000000003,-3.097727718293072,1.9068433054432037,-0.5954422064249911,5.004571023736276,8.404783142599694,0.1559092394309118,2.861052231518784,1.508480735474791,0.0,0.6400000000000006,0.6400000000000006,7.007659359041122,6.236187589577096,9.576268896329507,6.009780826354329
2024-05-24 06:53:11,814.35,853.68,820.3373873661593,819.8921025627526,60.25,56.77,820.1147449644559,1640.2294899289118,0.4452848034067074,0.0005429542702381,117.02,3.479999999999997,-1.9957957887198745,11.262632479082413,4.633418345181212,13.258428267802287,2.8614781611751035,1.1019319295731975,9.35578917363921,5.228860551606203,0.0,0.6500000000000057,0.6500000000000057,7.008329669766931,2.278170402978583,12.651492431290905,5.514317239522286
2024-05-24 06:53:12,813.04,864.17,818.5130405246194,830.9615769220645,60.25,57.42,824.737308723342,1649.474617446684,12.448536397445082,0.0150939411260792,117.67,2.8299999999999983,-1.824346841539864,11.069474359311926,4.622563758886145,12.89382120085179,2.7893219183280173,0.1714489471800107,-0.1931581197704872,-0.0108545862950677,0.0,0.6499999999999986,0.6499999999999986,7.008900329008598,3.73240854968593,7.980963071562564,3.1796141907982425
2024-05-24 06:53:13,813.04,831.4,817.1447803934645,831.0711826915484,60.25,58.03,824.1079815425064,1648.2159630850128,13.926402298083872,0.0168987591348389,118.28,2.219999999999999,-1.368260131154898,0.1096057694838918,-0.6293271808356167,1.4778659006387898,2.3483230938053525,0.4560867103849659,-10.959868589828034,-5.251890939721761,0.0,0.6099999999999994,0.6099999999999994,6.967432994378369,4.332644480852768,6.804584313063533,3.2010624923011504
2024-05-24 06:53:14,845.82,826.16,824.3135852950985,829.8433870186612,60.36,58.68,827.0784861568799,1654.1569723137598,5.529801723562741,0.0066859455413617,119.04,1.6799999999999995,7.168804901633962,-1.2277956728871686,2.970504614373453,8.39660057452113,2.826657028989377,8.53706503278886,-1.3374014423710603,3.59983179520907,0.1099999999999994,0.6499999999999986,0.5399999999999991,6.947903891204436,4.563791419339549,5.98519245383178,2.6553533759716386
2024-05-24 06:53:15,883.82,854.99,839.1901889713239,836.1300402639959,61.18,59.32,837.6601146176599,1675.32022923532,3.06014870732804,0.0036532104731661,120.5,1.8599999999999997,14.876603676225386,6.286653245334605,10.581628460780053,8.58995043089078,0.8117795527360633,7.707798774591424,7.514448918221774,7.611123846406599,0.8200000000000003,0.6400000000000006,0.1799999999999997,6.951536163204347,6.599162324968893,5.879544022020393,4.05116480464288
2024-05-24 06:53:16,886.44,878.58,851.0026417284929,846.7425301979969,61.99,59.94,848.8725859632449,1697.7451719264898,4.260111530496033,0.0050185523668942,121.93,2.0500000000000043,11.812452757169012,10.61248993400102,11.21247134558496,1.1999628231679935,0.1070203596658584,-3.064150919056374,4.3258366886664135,0.6308428848049061,0.8100000000000023,0.6199999999999974,0.1900000000000048,6.9619665299867,10.662623236563176,4.982026986195649,5.071383855634188
2024-05-24 06:53:17,866.79,856.3,854.9494812963696,849.1318976484977,62.83,60.56,852.0406894724337,1704.0813789448673,5.81758364787197,0.0068278237329795,123.39,2.269999999999996,3.946839567876737,2.3893674505008,3.168103509188768,1.5574721173759372,0.4916100819460489,-7.865613189292276,-8.22312248350022,-8.04436783639619,0.8399999999999963,0.6200000000000045,0.2199999999999917,6.905265277309089,12.527227509024671,4.28387488542727,5.192597729004901
2024-05-24 06:53:18,872.03,844.51,859.2196109722772,847.9764232363732,63.65,61.2,853.5980171043252,1707.1960342086504,11.24318773590403,0.013171525117728,124.85,2.449999999999996,4.270129675907583,-1.1554744121244769,1.5573276318915532,5.42560408803206,3.48391725222572,0.3232901080308465,-3.544841862625276,-1.6107758772972147,0.8200000000000003,0.6400000000000006,0.1799999999999997,6.836988468300655,11.257619185381666,3.139017646871946,4.6109647019926285
2024-05-24 06:53:19,908.7,869.41,871.5897082292079,853.3348174272799,64.46,61.82,862.4622628282439,1724.9245256564875,18.254890801928013,0.0211660168421738,126.28,2.639999999999993,12.370097256930649,5.358394190906665,8.864245723918657,7.011703066023983,0.7910094658245579,8.099967581023066,6.513868603031142,7.306918092027104,0.8099999999999952,0.6199999999999974,0.1899999999999977,6.829761292354154,8.967549687037069,6.2738200551436805,4.425071911951232
2024-05-24 06:53:20,927.03,896.92,885.4497811719059,864.23111307046,65.27,62.44,874.8404471211829,1749.680894242366,21.218668101445928,0.0242543290573902,127.71,2.8299999999999983,13.860072942698023,10.89629564318011,12.378184292939068,2.963777299517915,0.2394355254326781,1.4899756857673765,5.537901452273445,3.513938569020411,0.8100000000000023,0.6199999999999974,0.1900000000000048,6.850210948797839,10.500652957785077,7.461269718064787,4.834783772388859
2024-05-24 06:53:21,904.77,881.2,890.2798358789295,868.4733348028449,66.09,63.06,879.3765853408872,1758.7531706817745,21.8065010760846,0.0247976821475565,129.15,3.030000000000001,4.830054707023578,4.242221732384905,4.5361382197042985,0.5878329746386726,0.1295888300970163,-9.030018235674447,-6.654073910795205,-7.842046073234769,0.8200000000000074,0.6200000000000045,0.2000000000000028,6.808955311900363,12.313316328954212,6.924463545992817,4.436614761954825
2024-05-24 06:53:22,881.2,874.65,888.0098769091971,870.0175011021337,66.87,63.62,879.0136890056654,1758.0273780113307,17.992375807063468,0.0204688231954015,130.49,3.250000000000007,-2.269958969732329,1.544166299288804,-0.3628963352218761,3.814125269021133,10.510204674523637,-7.100013676755907,-2.6980554330961013,-4.899034554926175,0.7800000000000011,0.5599999999999952,0.2200000000000059,6.736253216870351,11.383528223449362,4.19867957480642,5.2301833364486985
2024-05-24 06:53:23,923.1,870.72,896.7824076818978,870.1931258266002,67.69,63.62,883.4877667542489,1766.9755335084978,26.5892818552976,0.0300958121048866,131.31,4.07,8.772530772700634,0.1756247244665019,4.474077748583568,8.596906048234132,1.9214918939358845,11.042489742432965,-1.3685415748223022,4.836974083805444,0.8199999999999932,0.0,0.8199999999999932,6.728259538694611,8.078226256349408,3.477472060229487,4.843564989129926
2024-05-24 06:53:24,942.73,869.41,908.2693057614232,869.99734436995,68.5,63.65,889.1333250656867,1778.2666501313734,38.27196139147327,0.0430441197843998,132.15,4.850000000000001,11.486898079525533,-0.1957814566501383,5.645558311437753,11.68267953617567,2.0693573287781906,2.714367306824897,-0.3714061811166402,1.1714805628541851,0.8100000000000023,0.0300000000000011,0.7800000000000011,6.728212775917321,5.401755294826997,7.939143930152659,4.570237364236343
2024-05-24 06:53:25,947.97,912.63,918.1944793210675,880.6555082774626,69.32,64.26,899.424993799265,1798.84998759853,37.53897104360499,0.0417366331385787,133.57999999999998,5.059999999999988,9.925173559644236,10.658163907512517,10.291668733578376,0.7329903478682809,0.0712217129817887,-1.5617245198812952,10.853945364162657,4.646110422140623,0.8199999999999932,0.6100000000000065,0.2099999999999866,6.733230925782559,8.499993844273105,9.165697676556604,3.79593210868388
2024-05-24 06:53:26,921.79,927.03,919.0933594908006,892.249131208097,70.1,64.85,905.6712453494488,1811.3424906988976,26.844228282703625,0.029640146345494,134.95,5.25,0.8988801697330473,11.59362293063441,6.246251550183729,10.694742760901365,1.7121854543948571,-9.026293389911189,0.9354590231218936,-4.045417183394648,0.7800000000000011,0.5899999999999892,0.1900000000000119,6.711161457119581,11.059118969123316,8.507486809842268,3.829936972557448
2024-05-24 06:53:27,911.32,885.13,917.1500196181004,890.4693484060728,70.47,65.47,903.8096840120866,1807.619368024173,26.680671212027733,0.0295202315868864,135.94,5.0,-1.943339872700108,-1.779782802024215,-1.8615613373622184,0.1635570706758926,0.0878601094324074,-2.842220042433155,-13.373405732658624,-8.107812887545947,0.3700000000000045,0.6200000000000045,0.25,6.648592594994071,9.61113396018072,6.141047792966544,4.396616342119542
2024-05-24 06:53:28,906.08,898.23,914.3825147135752,892.4095113045546,70.47,66.09,903.396013009065,1806.79202601813,21.973003409020748,0.0243226703110074,136.56,4.379999999999996,-2.76750490452514,1.9401628984818444,-0.4136710030215909,4.707667803006984,11.38019437772122,-0.8241650318250322,3.719945700506059,1.4478903343406273,0.0,0.6200000000000045,0.6200000000000045,6.615377902707141,6.637260009585112,7.251350437598617,5.029296991646905
2024-05-24 06:53:29,910.01,934.88,913.2893860351816,903.027133478416,70.47,66.68,908.1582597567988,1816.3165195135973,10.262252556765477,0.0113000707037709,137.15,3.789999999999992,-1.0931286783938958,10.617622173861378,4.762246747733798,11.710750852255272,2.459080558718947,1.674376226131244,8.677459275379533,5.175917750755389,0.0,0.5900000000000034,0.5900000000000034,6.621642385236284,3.2161130018271638,9.864544369186516,4.97141841297519
2024-05-24 06:53:30,908.7,940.12,912.142039526386,912.300350108812,70.47,67.27,912.221194817599,1824.442389635198,0.1583105824258837,0.000173544073687,137.74,3.200000000000003,-1.1473465087954082,9.27321663039595,4.062935060800214,10.420563139191358,2.564786396648088,-0.0542178304015124,-1.3444055434654274,-0.6993116869335836,0.0,0.5899999999999892,0.5899999999999892,6.622776159393225,3.637541680852568,11.664326122583445,3.503215524126869
2024-05-24 06:53:31,907.39,906.08,910.9540296447896,910.7452625816088,70.47,67.86,910.8496461131992,1821.6992922263985,0.2087670631806304,0.0002292003557802,138.32999999999998,2.6099999999999994,-1.1880098815964857,-1.5550875272029998,-1.3715487043997427,0.3670776456065141,0.2676371439029731,-0.0406633728010774,-10.82830415759895,-5.434483765199957,0.0,0.5900000000000034,0.5900000000000034,6.5846138909028085,4.007165065789907,12.21841475421874,3.136118168238474
2024-05-24 06:53:32,907.39,927.03,910.0630222335922,914.8164469362066,70.47,68.47,912.4397345848994,1824.8794691697988,4.753424702614439,0.0052095766078922,138.94,2.0,-0.8910074111973927,4.071184354597676,1.5900884717001418,4.962191765795069,3.120699717915519,0.297002470399093,5.626271881800676,2.9616371760998845,0.0,0.6099999999999994,0.6099999999999994,6.567149330774075,3.771257680070216,9.106314606351138,2.686611793311165
2024-05-24 06:53:33,904.77,957.13,908.739766675194,925.394835202155,70.47,69.06,917.0673009386746,1834.1346018773493,16.655068526960918,0.0181612281800389,139.53,1.4099999999999966,-1.3232555583980457,10.578388265948432,4.627566353775251,11.90164382434648,2.571900723311333,-0.4322481472006529,6.507203911350757,3.037477882075109,0.0,0.5900000000000034,0.5900000000000034,6.57254564872163,3.2362685037093097,7.072559675532604,2.628189025673839
2024-05-24 06:53:34,902.15,949.28,907.0923250063956,931.3661264016162,70.47,69.65,919.229225704006,1838.458451408012,24.27380139522052,0.0264066901813564,140.12,0.8199999999999932,-1.6474416687984783,5.97129119946112,2.161924765331264,7.618732868259599,3.5240492483293973,-0.3241861104004329,-4.607097066487313,-2.4656415884439866,0.0,0.5900000000000034,0.5900000000000034,6.560299879701013,3.592468459299396,10.783824655976137,2.3712865787033905
2024-05-24 06:53:35,927.03,927.03,912.0767437547968,930.282094801212,71.25,70.21,921.1794192780044,1842.3588385560088,18.205351046415217,0.0197630891937653,141.45999999999998,1.0400000000000065,4.98441874840114,-1.0840316004041597,1.95019357399849,6.0684503488053,3.111715328159865,6.6318604171996185,-7.05532279986528,-0.2117311913327739,0.7800000000000011,0.5599999999999881,0.220000000000013,6.511942688859478,4.401076686932416,9.98764428609396,2.1360661345908465
2024-05-24 06:53:36,951.89,938.81,922.0300578160976,932.4140711009088,72.04,70.8,927.2220644585032,1854.4441289170063,10.384013284811315,0.0111990575630623,142.84,1.240000000000009,9.95331406130083,2.1319762996969303,6.04264518049888,7.8213377616039,1.2943564008174595,4.96889531289969,3.21600790010109,4.09245160650039,0.7900000000000063,0.5900000000000034,0.2000000000000028,6.491333365774082,5.437443655901948,7.5035068804894145,1.9571835412219771
2024-05-24 06:53:37,992.44,975.44,939.6325433620732,943.1705533256816,72.85,71.39,941.4015483438776,1882.803096687755,3.538009963608488,0.0037582368183633,144.24,1.4599999999999935,17.602485545975583,10.756482224772752,14.179483885374225,6.846003321202829,0.4828104389225243,7.649171484674753,8.624505925075823,8.136838704875345,0.8099999999999881,0.5900000000000034,0.2199999999999846,6.526632985421828,9.804755734889351,7.920634935376809,4.992632993137419
2024-05-24 06:53:38,997.67,959.74,954.1419075215548,947.3129149942612,73.64,71.98,950.727411257908,1901.454822515816,6.828992527293622,0.0071829132506816,145.62,1.6599999999999966,14.50936415948172,4.1423616685796105,9.325862914030608,10.36700249090211,1.1116399066584195,-3.0931213864938627,-6.614120556193143,-4.8536209713436165,0.7900000000000063,0.5900000000000034,0.2000000000000028,6.5288243697918125,13.620754413857307,8.485602389909188,5.157994073540342
2024-05-24 06:53:39,959.74,932.26,955.5414306411662,943.549686245696,74.28,72.54,949.5455584434312,1899.0911168868624,11.991744395470278,0.0126289299931002,146.82,1.7399999999999949,1.399523119611331,-3.763228748565325,-1.181852814476997,5.162751868176656,4.368350641116572,-13.109841039870387,-7.905590417144936,-10.507715728507604,0.6400000000000006,0.5600000000000023,0.0799999999999983,6.467412831875891,13.284879782501784,5.5469612938279536,6.040013824941303
2024-05-24 06:53:40,954.51,957.13,955.2835729808746,946.944764684272,74.28,73.13,951.1141688325732,1902.228337665147,8.338808296602565,0.0087674104340916,147.41,1.1500000000000057,-0.25785766029162,3.3950784385760926,1.5686103891422365,3.6529360988677126,2.328770608292757,-1.657380779902951,7.158307187141418,2.7504632036192334,0.0,0.5899999999999892,0.5899999999999892,6.452168525747268,10.184224661045484,3.270282451053031,6.107014646563081
2024-05-24 06:53:41,955.82,997.67,955.417679735656,959.626073513204,74.42,73.72,957.52187662443,1915.04375324886,4.208393777548167,0.004395088901769,148.14,0.7000000000000028,0.1341067547813281,12.68130882893206,6.407707791856637,12.547202074150732,1.9581417448459253,0.3919644150729482,9.286230390355968,4.839097402714401,0.1400000000000005,0.5900000000000034,0.4500000000000028,6.463628123132185,5.754774655712545,3.4101258962897214,6.110028491394763
